** Nome da estrutura **
Nome
sm
_____________________________________________________

** Coordenadas da estrutura **
x (m)	y (m)	z (m)
0.0	0.0	0.0
10.0	0.0	0.0
10.0	10.0	0.0
0.0	10.0	0.0
_____________________________________________________

** Nos **
Id	x (m)	y (m)	z (m)	Sup	Carga conc	Desl
0	0.0	0.0	0.0	2	null	null
1	0.5	0.0	0.0	2	null	null
2	1.0	0.0	0.0	2	null	null
3	1.5	0.0	0.0	2	null	null
4	2.0	0.0	0.0	2	null	null
5	2.5	0.0	0.0	2	null	null
6	3.0	0.0	0.0	2	null	null
7	3.5	0.0	0.0	2	null	null
8	4.0	0.0	0.0	2	null	null
9	4.5	0.0	0.0	2	null	null
10	5.0	0.0	0.0	2	null	null
11	5.5	0.0	0.0	2	null	null
12	6.0	0.0	0.0	2	null	null
13	6.5	0.0	0.0	2	null	null
14	7.0	0.0	0.0	2	null	null
15	7.5	0.0	0.0	2	null	null
16	8.0	0.0	0.0	2	null	null
17	8.5	0.0	0.0	2	null	null
18	9.0	0.0	0.0	2	null	null
19	9.5	0.0	0.0	2	null	null
20	10.0	0.0	0.0	2	null	null
21	0.0	0.5	0.0	2	null	null
22	0.5	0.5	0.0	-1	null	null
23	1.0	0.5	0.0	-1	null	null
24	1.5	0.5	0.0	-1	null	null
25	2.0	0.5	0.0	-1	null	null
26	2.5	0.5	0.0	-1	null	null
27	3.0	0.5	0.0	-1	null	null
28	3.5	0.5	0.0	-1	null	null
29	4.0	0.5	0.0	-1	null	null
30	4.5	0.5	0.0	-1	null	null
31	5.0	0.5	0.0	-1	null	null
32	5.5	0.5	0.0	-1	null	null
33	6.0	0.5	0.0	-1	null	null
34	6.5	0.5	0.0	-1	null	null
35	7.0	0.5	0.0	-1	null	null
36	7.5	0.5	0.0	-1	null	null
37	8.0	0.5	0.0	-1	null	null
38	8.5	0.5	0.0	-1	null	null
39	9.0	0.5	0.0	-1	null	null
40	9.5	0.5	0.0	-1	null	null
41	10.0	0.5	0.0	2	null	null
42	0.0	1.0	0.0	2	null	null
43	0.5	1.0	0.0	-1	null	null
44	1.0	1.0	0.0	-1	null	null
45	1.5	1.0	0.0	-1	null	null
46	2.0	1.0	0.0	-1	null	null
47	2.5	1.0	0.0	-1	null	null
48	3.0	1.0	0.0	-1	null	null
49	3.5	1.0	0.0	-1	null	null
50	4.0	1.0	0.0	-1	null	null
51	4.5	1.0	0.0	-1	null	null
52	5.0	1.0	0.0	-1	null	null
53	5.5	1.0	0.0	-1	null	null
54	6.0	1.0	0.0	-1	null	null
55	6.5	1.0	0.0	-1	null	null
56	7.0	1.0	0.0	-1	null	null
57	7.5	1.0	0.0	-1	null	null
58	8.0	1.0	0.0	-1	null	null
59	8.5	1.0	0.0	-1	null	null
60	9.0	1.0	0.0	-1	null	null
61	9.5	1.0	0.0	-1	null	null
62	10.0	1.0	0.0	2	null	null
63	0.0	1.5	0.0	2	null	null
64	0.5	1.5	0.0	-1	null	null
65	1.0	1.5	0.0	-1	null	null
66	1.5	1.5	0.0	-1	null	null
67	2.0	1.5	0.0	-1	null	null
68	2.5	1.5	0.0	-1	null	null
69	3.0	1.5	0.0	-1	null	null
70	3.5	1.5	0.0	-1	null	null
71	4.0	1.5	0.0	-1	null	null
72	4.5	1.5	0.0	-1	null	null
73	5.0	1.5	0.0	-1	null	null
74	5.5	1.5	0.0	-1	null	null
75	6.0	1.5	0.0	-1	null	null
76	6.5	1.5	0.0	-1	null	null
77	7.0	1.5	0.0	-1	null	null
78	7.5	1.5	0.0	-1	null	null
79	8.0	1.5	0.0	-1	null	null
80	8.5	1.5	0.0	-1	null	null
81	9.0	1.5	0.0	-1	null	null
82	9.5	1.5	0.0	-1	null	null
83	10.0	1.5	0.0	2	null	null
84	0.0	2.0	0.0	2	null	null
85	0.5	2.0	0.0	-1	null	null
86	1.0	2.0	0.0	-1	null	null
87	1.5	2.0	0.0	-1	null	null
88	2.0	2.0	0.0	-1	null	null
89	2.5	2.0	0.0	-1	null	null
90	3.0	2.0	0.0	-1	null	null
91	3.5	2.0	0.0	-1	null	null
92	4.0	2.0	0.0	-1	null	null
93	4.5	2.0	0.0	-1	null	null
94	5.0	2.0	0.0	-1	null	null
95	5.5	2.0	0.0	-1	null	null
96	6.0	2.0	0.0	-1	null	null
97	6.5	2.0	0.0	-1	null	null
98	7.0	2.0	0.0	-1	null	null
99	7.5	2.0	0.0	-1	null	null
100	8.0	2.0	0.0	-1	null	null
101	8.5	2.0	0.0	-1	null	null
102	9.0	2.0	0.0	-1	null	null
103	9.5	2.0	0.0	-1	null	null
104	10.0	2.0	0.0	2	null	null
105	0.0	2.5	0.0	2	null	null
106	0.5	2.5	0.0	-1	null	null
107	1.0	2.5	0.0	-1	null	null
108	1.5	2.5	0.0	-1	null	null
109	2.0	2.5	0.0	-1	null	null
110	2.5	2.5	0.0	-1	null	null
111	3.0	2.5	0.0	-1	null	null
112	3.5	2.5	0.0	-1	null	null
113	4.0	2.5	0.0	-1	null	null
114	4.5	2.5	0.0	-1	null	null
115	5.0	2.5	0.0	-1	null	null
116	5.5	2.5	0.0	-1	null	null
117	6.0	2.5	0.0	-1	null	null
118	6.5	2.5	0.0	-1	null	null
119	7.0	2.5	0.0	-1	null	null
120	7.5	2.5	0.0	-1	null	null
121	8.0	2.5	0.0	-1	null	null
122	8.5	2.5	0.0	-1	null	null
123	9.0	2.5	0.0	-1	null	null
124	9.5	2.5	0.0	-1	null	null
125	10.0	2.5	0.0	2	null	null
126	0.0	3.0	0.0	2	null	null
127	0.5	3.0	0.0	-1	null	null
128	1.0	3.0	0.0	-1	null	null
129	1.5	3.0	0.0	-1	null	null
130	2.0	3.0	0.0	-1	null	null
131	2.5	3.0	0.0	-1	null	null
132	3.0	3.0	0.0	-1	null	null
133	3.5	3.0	0.0	-1	null	null
134	4.0	3.0	0.0	-1	null	null
135	4.5	3.0	0.0	-1	null	null
136	5.0	3.0	0.0	-1	null	null
137	5.5	3.0	0.0	-1	null	null
138	6.0	3.0	0.0	-1	null	null
139	6.5	3.0	0.0	-1	null	null
140	7.0	3.0	0.0	-1	null	null
141	7.5	3.0	0.0	-1	null	null
142	8.0	3.0	0.0	-1	null	null
143	8.5	3.0	0.0	-1	null	null
144	9.0	3.0	0.0	-1	null	null
145	9.5	3.0	0.0	-1	null	null
146	10.0	3.0	0.0	2	null	null
147	0.0	3.5	0.0	2	null	null
148	0.5	3.5	0.0	-1	null	null
149	1.0	3.5	0.0	-1	null	null
150	1.5	3.5	0.0	-1	null	null
151	2.0	3.5	0.0	-1	null	null
152	2.5	3.5	0.0	-1	null	null
153	3.0	3.5	0.0	-1	null	null
154	3.5	3.5	0.0	-1	null	null
155	4.0	3.5	0.0	-1	null	null
156	4.5	3.5	0.0	-1	null	null
157	5.0	3.5	0.0	-1	null	null
158	5.5	3.5	0.0	-1	null	null
159	6.0	3.5	0.0	-1	null	null
160	6.5	3.5	0.0	-1	null	null
161	7.0	3.5	0.0	-1	null	null
162	7.5	3.5	0.0	-1	null	null
163	8.0	3.5	0.0	-1	null	null
164	8.5	3.5	0.0	-1	null	null
165	9.0	3.5	0.0	-1	null	null
166	9.5	3.5	0.0	-1	null	null
167	10.0	3.5	0.0	2	null	null
168	0.0	4.0	0.0	2	null	null
169	0.5	4.0	0.0	-1	null	null
170	1.0	4.0	0.0	-1	null	null
171	1.5	4.0	0.0	-1	null	null
172	2.0	4.0	0.0	-1	null	null
173	2.5	4.0	0.0	-1	null	null
174	3.0	4.0	0.0	-1	null	null
175	3.5	4.0	0.0	-1	null	null
176	4.0	4.0	0.0	-1	null	null
177	4.5	4.0	0.0	-1	null	null
178	5.0	4.0	0.0	-1	null	null
179	5.5	4.0	0.0	-1	null	null
180	6.0	4.0	0.0	-1	null	null
181	6.5	4.0	0.0	-1	null	null
182	7.0	4.0	0.0	-1	null	null
183	7.5	4.0	0.0	-1	null	null
184	8.0	4.0	0.0	-1	null	null
185	8.5	4.0	0.0	-1	null	null
186	9.0	4.0	0.0	-1	null	null
187	9.5	4.0	0.0	-1	null	null
188	10.0	4.0	0.0	2	null	null
189	0.0	4.5	0.0	2	null	null
190	0.5	4.5	0.0	-1	null	null
191	1.0	4.5	0.0	-1	null	null
192	1.5	4.5	0.0	-1	null	null
193	2.0	4.5	0.0	-1	null	null
194	2.5	4.5	0.0	-1	null	null
195	3.0	4.5	0.0	-1	null	null
196	3.5	4.5	0.0	-1	null	null
197	4.0	4.5	0.0	-1	null	null
198	4.5	4.5	0.0	-1	null	null
199	5.0	4.5	0.0	-1	null	null
200	5.5	4.5	0.0	-1	null	null
201	6.0	4.5	0.0	-1	null	null
202	6.5	4.5	0.0	-1	null	null
203	7.0	4.5	0.0	-1	null	null
204	7.5	4.5	0.0	-1	null	null
205	8.0	4.5	0.0	-1	null	null
206	8.5	4.5	0.0	-1	null	null
207	9.0	4.5	0.0	-1	null	null
208	9.5	4.5	0.0	-1	null	null
209	10.0	4.5	0.0	2	null	null
210	0.0	5.0	0.0	2	null	null
211	0.5	5.0	0.0	-1	null	null
212	1.0	5.0	0.0	-1	null	null
213	1.5	5.0	0.0	-1	null	null
214	2.0	5.0	0.0	-1	null	null
215	2.5	5.0	0.0	-1	null	null
216	3.0	5.0	0.0	-1	null	null
217	3.5	5.0	0.0	-1	null	null
218	4.0	5.0	0.0	-1	null	null
219	4.5	5.0	0.0	-1	null	null
220	5.0	5.0	0.0	-1	null	null
221	5.5	5.0	0.0	-1	null	null
222	6.0	5.0	0.0	-1	null	null
223	6.5	5.0	0.0	-1	null	null
224	7.0	5.0	0.0	-1	null	null
225	7.5	5.0	0.0	-1	null	null
226	8.0	5.0	0.0	-1	null	null
227	8.5	5.0	0.0	-1	null	null
228	9.0	5.0	0.0	-1	null	null
229	9.5	5.0	0.0	-1	null	null
230	10.0	5.0	0.0	2	null	null
231	0.0	5.5	0.0	2	null	null
232	0.5	5.5	0.0	-1	null	null
233	1.0	5.5	0.0	-1	null	null
234	1.5	5.5	0.0	-1	null	null
235	2.0	5.5	0.0	-1	null	null
236	2.5	5.5	0.0	-1	null	null
237	3.0	5.5	0.0	-1	null	null
238	3.5	5.5	0.0	-1	null	null
239	4.0	5.5	0.0	-1	null	null
240	4.5	5.5	0.0	-1	null	null
241	5.0	5.5	0.0	-1	null	null
242	5.5	5.5	0.0	-1	null	null
243	6.0	5.5	0.0	-1	null	null
244	6.5	5.5	0.0	-1	null	null
245	7.0	5.5	0.0	-1	null	null
246	7.5	5.5	0.0	-1	null	null
247	8.0	5.5	0.0	-1	null	null
248	8.5	5.5	0.0	-1	null	null
249	9.0	5.5	0.0	-1	null	null
250	9.5	5.5	0.0	-1	null	null
251	10.0	5.5	0.0	2	null	null
252	0.0	6.0	0.0	2	null	null
253	0.5	6.0	0.0	-1	null	null
254	1.0	6.0	0.0	-1	null	null
255	1.5	6.0	0.0	-1	null	null
256	2.0	6.0	0.0	-1	null	null
257	2.5	6.0	0.0	-1	null	null
258	3.0	6.0	0.0	-1	null	null
259	3.5	6.0	0.0	-1	null	null
260	4.0	6.0	0.0	-1	null	null
261	4.5	6.0	0.0	-1	null	null
262	5.0	6.0	0.0	-1	null	null
263	5.5	6.0	0.0	-1	null	null
264	6.0	6.0	0.0	-1	null	null
265	6.5	6.0	0.0	-1	null	null
266	7.0	6.0	0.0	-1	null	null
267	7.5	6.0	0.0	-1	null	null
268	8.0	6.0	0.0	-1	null	null
269	8.5	6.0	0.0	-1	null	null
270	9.0	6.0	0.0	-1	null	null
271	9.5	6.0	0.0	-1	null	null
272	10.0	6.0	0.0	2	null	null
273	0.0	6.5	0.0	2	null	null
274	0.5	6.5	0.0	-1	null	null
275	1.0	6.5	0.0	-1	null	null
276	1.5	6.5	0.0	-1	null	null
277	2.0	6.5	0.0	-1	null	null
278	2.5	6.5	0.0	-1	null	null
279	3.0	6.5	0.0	-1	null	null
280	3.5	6.5	0.0	-1	null	null
281	4.0	6.5	0.0	-1	null	null
282	4.5	6.5	0.0	-1	null	null
283	5.0	6.5	0.0	-1	null	null
284	5.5	6.5	0.0	-1	null	null
285	6.0	6.5	0.0	-1	null	null
286	6.5	6.5	0.0	-1	null	null
287	7.0	6.5	0.0	-1	null	null
288	7.5	6.5	0.0	-1	null	null
289	8.0	6.5	0.0	-1	null	null
290	8.5	6.5	0.0	-1	null	null
291	9.0	6.5	0.0	-1	null	null
292	9.5	6.5	0.0	-1	null	null
293	10.0	6.5	0.0	2	null	null
294	0.0	7.0	0.0	2	null	null
295	0.5	7.0	0.0	-1	null	null
296	1.0	7.0	0.0	-1	null	null
297	1.5	7.0	0.0	-1	null	null
298	2.0	7.0	0.0	-1	null	null
299	2.5	7.0	0.0	-1	null	null
300	3.0	7.0	0.0	-1	null	null
301	3.5	7.0	0.0	-1	null	null
302	4.0	7.0	0.0	-1	null	null
303	4.5	7.0	0.0	-1	null	null
304	5.0	7.0	0.0	-1	null	null
305	5.5	7.0	0.0	-1	null	null
306	6.0	7.0	0.0	-1	null	null
307	6.5	7.0	0.0	-1	null	null
308	7.0	7.0	0.0	-1	null	null
309	7.5	7.0	0.0	-1	null	null
310	8.0	7.0	0.0	-1	null	null
311	8.5	7.0	0.0	-1	null	null
312	9.0	7.0	0.0	-1	null	null
313	9.5	7.0	0.0	-1	null	null
314	10.0	7.0	0.0	2	null	null
315	0.0	7.5	0.0	2	null	null
316	0.5	7.5	0.0	-1	null	null
317	1.0	7.5	0.0	-1	null	null
318	1.5	7.5	0.0	-1	null	null
319	2.0	7.5	0.0	-1	null	null
320	2.5	7.5	0.0	-1	null	null
321	3.0	7.5	0.0	-1	null	null
322	3.5	7.5	0.0	-1	null	null
323	4.0	7.5	0.0	-1	null	null
324	4.5	7.5	0.0	-1	null	null
325	5.0	7.5	0.0	-1	null	null
326	5.5	7.5	0.0	-1	null	null
327	6.0	7.5	0.0	-1	null	null
328	6.5	7.5	0.0	-1	null	null
329	7.0	7.5	0.0	-1	null	null
330	7.5	7.5	0.0	-1	null	null
331	8.0	7.5	0.0	-1	null	null
332	8.5	7.5	0.0	-1	null	null
333	9.0	7.5	0.0	-1	null	null
334	9.5	7.5	0.0	-1	null	null
335	10.0	7.5	0.0	2	null	null
336	0.0	8.0	0.0	2	null	null
337	0.5	8.0	0.0	-1	null	null
338	1.0	8.0	0.0	-1	null	null
339	1.5	8.0	0.0	-1	null	null
340	2.0	8.0	0.0	-1	null	null
341	2.5	8.0	0.0	-1	null	null
342	3.0	8.0	0.0	-1	null	null
343	3.5	8.0	0.0	-1	null	null
344	4.0	8.0	0.0	-1	null	null
345	4.5	8.0	0.0	-1	null	null
346	5.0	8.0	0.0	-1	null	null
347	5.5	8.0	0.0	-1	null	null
348	6.0	8.0	0.0	-1	null	null
349	6.5	8.0	0.0	-1	null	null
350	7.0	8.0	0.0	-1	null	null
351	7.5	8.0	0.0	-1	null	null
352	8.0	8.0	0.0	-1	null	null
353	8.5	8.0	0.0	-1	null	null
354	9.0	8.0	0.0	-1	null	null
355	9.5	8.0	0.0	-1	null	null
356	10.0	8.0	0.0	2	null	null
357	0.0	8.5	0.0	2	null	null
358	0.5	8.5	0.0	-1	null	null
359	1.0	8.5	0.0	-1	null	null
360	1.5	8.5	0.0	-1	null	null
361	2.0	8.5	0.0	-1	null	null
362	2.5	8.5	0.0	-1	null	null
363	3.0	8.5	0.0	-1	null	null
364	3.5	8.5	0.0	-1	null	null
365	4.0	8.5	0.0	-1	null	null
366	4.5	8.5	0.0	-1	null	null
367	5.0	8.5	0.0	-1	null	null
368	5.5	8.5	0.0	-1	null	null
369	6.0	8.5	0.0	-1	null	null
370	6.5	8.5	0.0	-1	null	null
371	7.0	8.5	0.0	-1	null	null
372	7.5	8.5	0.0	-1	null	null
373	8.0	8.5	0.0	-1	null	null
374	8.5	8.5	0.0	-1	null	null
375	9.0	8.5	0.0	-1	null	null
376	9.5	8.5	0.0	-1	null	null
377	10.0	8.5	0.0	2	null	null
378	0.0	9.0	0.0	2	null	null
379	0.5	9.0	0.0	-1	null	null
380	1.0	9.0	0.0	-1	null	null
381	1.5	9.0	0.0	-1	null	null
382	2.0	9.0	0.0	-1	null	null
383	2.5	9.0	0.0	-1	null	null
384	3.0	9.0	0.0	-1	null	null
385	3.5	9.0	0.0	-1	null	null
386	4.0	9.0	0.0	-1	null	null
387	4.5	9.0	0.0	-1	null	null
388	5.0	9.0	0.0	-1	null	null
389	5.5	9.0	0.0	-1	null	null
390	6.0	9.0	0.0	-1	null	null
391	6.5	9.0	0.0	-1	null	null
392	7.0	9.0	0.0	-1	null	null
393	7.5	9.0	0.0	-1	null	null
394	8.0	9.0	0.0	-1	null	null
395	8.5	9.0	0.0	-1	null	null
396	9.0	9.0	0.0	-1	null	null
397	9.5	9.0	0.0	-1	null	null
398	10.0	9.0	0.0	2	null	null
399	0.0	9.5	0.0	2	null	null
400	0.5	9.5	0.0	-1	null	null
401	1.0	9.5	0.0	-1	null	null
402	1.5	9.5	0.0	-1	null	null
403	2.0	9.5	0.0	-1	null	null
404	2.5	9.5	0.0	-1	null	null
405	3.0	9.5	0.0	-1	null	null
406	3.5	9.5	0.0	-1	null	null
407	4.0	9.5	0.0	-1	null	null
408	4.5	9.5	0.0	-1	null	null
409	5.0	9.5	0.0	-1	null	null
410	5.5	9.5	0.0	-1	null	null
411	6.0	9.5	0.0	-1	null	null
412	6.5	9.5	0.0	-1	null	null
413	7.0	9.5	0.0	-1	null	null
414	7.5	9.5	0.0	-1	null	null
415	8.0	9.5	0.0	-1	null	null
416	8.5	9.5	0.0	-1	null	null
417	9.0	9.5	0.0	-1	null	null
418	9.5	9.5	0.0	-1	null	null
419	10.0	9.5	0.0	2	null	null
420	0.0	10.0	0.0	2	null	null
421	0.5	10.0	0.0	2	null	null
422	1.0	10.0	0.0	2	null	null
423	1.5	10.0	0.0	2	null	null
424	2.0	10.0	0.0	2	null	null
425	2.5	10.0	0.0	2	null	null
426	3.0	10.0	0.0	2	null	null
427	3.5	10.0	0.0	2	null	null
428	4.0	10.0	0.0	2	null	null
429	4.5	10.0	0.0	2	null	null
430	5.0	10.0	0.0	2	null	null
431	5.5	10.0	0.0	2	null	null
432	6.0	10.0	0.0	2	null	null
433	6.5	10.0	0.0	2	null	null
434	7.0	10.0	0.0	2	null	null
435	7.5	10.0	0.0	2	null	null
436	8.0	10.0	0.0	2	null	null
437	8.5	10.0	0.0	2	null	null
438	9.0	10.0	0.0	2	null	null
439	9.5	10.0	0.0	2	null	null
440	10.0	10.0	0.0	2	null	null
_____________________________________________________

** Elementos **
Id	Tipo	No1	No2	No3	Mat	Sec
0	MR1	0	1	22	21	0	0
1	MR1	1	2	23	22	0	0
2	MR1	2	3	24	23	0	0
3	MR1	3	4	25	24	0	0
4	MR1	4	5	26	25	0	0
5	MR1	5	6	27	26	0	0
6	MR1	6	7	28	27	0	0
7	MR1	7	8	29	28	0	0
8	MR1	8	9	30	29	0	0
9	MR1	9	10	31	30	0	0
10	MR1	10	11	32	31	0	0
11	MR1	11	12	33	32	0	0
12	MR1	12	13	34	33	0	0
13	MR1	13	14	35	34	0	0
14	MR1	14	15	36	35	0	0
15	MR1	15	16	37	36	0	0
16	MR1	16	17	38	37	0	0
17	MR1	17	18	39	38	0	0
18	MR1	18	19	40	39	0	0
19	MR1	19	20	41	40	0	0
20	MR1	21	22	43	42	0	0
21	MR1	22	23	44	43	0	0
22	MR1	23	24	45	44	0	0
23	MR1	24	25	46	45	0	0
24	MR1	25	26	47	46	0	0
25	MR1	26	27	48	47	0	0
26	MR1	27	28	49	48	0	0
27	MR1	28	29	50	49	0	0
28	MR1	29	30	51	50	0	0
29	MR1	30	31	52	51	0	0
30	MR1	31	32	53	52	0	0
31	MR1	32	33	54	53	0	0
32	MR1	33	34	55	54	0	0
33	MR1	34	35	56	55	0	0
34	MR1	35	36	57	56	0	0
35	MR1	36	37	58	57	0	0
36	MR1	37	38	59	58	0	0
37	MR1	38	39	60	59	0	0
38	MR1	39	40	61	60	0	0
39	MR1	40	41	62	61	0	0
40	MR1	42	43	64	63	0	0
41	MR1	43	44	65	64	0	0
42	MR1	44	45	66	65	0	0
43	MR1	45	46	67	66	0	0
44	MR1	46	47	68	67	0	0
45	MR1	47	48	69	68	0	0
46	MR1	48	49	70	69	0	0
47	MR1	49	50	71	70	0	0
48	MR1	50	51	72	71	0	0
49	MR1	51	52	73	72	0	0
50	MR1	52	53	74	73	0	0
51	MR1	53	54	75	74	0	0
52	MR1	54	55	76	75	0	0
53	MR1	55	56	77	76	0	0
54	MR1	56	57	78	77	0	0
55	MR1	57	58	79	78	0	0
56	MR1	58	59	80	79	0	0
57	MR1	59	60	81	80	0	0
58	MR1	60	61	82	81	0	0
59	MR1	61	62	83	82	0	0
60	MR1	63	64	85	84	0	0
61	MR1	64	65	86	85	0	0
62	MR1	65	66	87	86	0	0
63	MR1	66	67	88	87	0	0
64	MR1	67	68	89	88	0	0
65	MR1	68	69	90	89	0	0
66	MR1	69	70	91	90	0	0
67	MR1	70	71	92	91	0	0
68	MR1	71	72	93	92	0	0
69	MR1	72	73	94	93	0	0
70	MR1	73	74	95	94	0	0
71	MR1	74	75	96	95	0	0
72	MR1	75	76	97	96	0	0
73	MR1	76	77	98	97	0	0
74	MR1	77	78	99	98	0	0
75	MR1	78	79	100	99	0	0
76	MR1	79	80	101	100	0	0
77	MR1	80	81	102	101	0	0
78	MR1	81	82	103	102	0	0
79	MR1	82	83	104	103	0	0
80	MR1	84	85	106	105	0	0
81	MR1	85	86	107	106	0	0
82	MR1	86	87	108	107	0	0
83	MR1	87	88	109	108	0	0
84	MR1	88	89	110	109	0	0
85	MR1	89	90	111	110	0	0
86	MR1	90	91	112	111	0	0
87	MR1	91	92	113	112	0	0
88	MR1	92	93	114	113	0	0
89	MR1	93	94	115	114	0	0
90	MR1	94	95	116	115	0	0
91	MR1	95	96	117	116	0	0
92	MR1	96	97	118	117	0	0
93	MR1	97	98	119	118	0	0
94	MR1	98	99	120	119	0	0
95	MR1	99	100	121	120	0	0
96	MR1	100	101	122	121	0	0
97	MR1	101	102	123	122	0	0
98	MR1	102	103	124	123	0	0
99	MR1	103	104	125	124	0	0
100	MR1	105	106	127	126	0	0
101	MR1	106	107	128	127	0	0
102	MR1	107	108	129	128	0	0
103	MR1	108	109	130	129	0	0
104	MR1	109	110	131	130	0	0
105	MR1	110	111	132	131	0	0
106	MR1	111	112	133	132	0	0
107	MR1	112	113	134	133	0	0
108	MR1	113	114	135	134	0	0
109	MR1	114	115	136	135	0	0
110	MR1	115	116	137	136	0	0
111	MR1	116	117	138	137	0	0
112	MR1	117	118	139	138	0	0
113	MR1	118	119	140	139	0	0
114	MR1	119	120	141	140	0	0
115	MR1	120	121	142	141	0	0
116	MR1	121	122	143	142	0	0
117	MR1	122	123	144	143	0	0
118	MR1	123	124	145	144	0	0
119	MR1	124	125	146	145	0	0
120	MR1	126	127	148	147	0	0
121	MR1	127	128	149	148	0	0
122	MR1	128	129	150	149	0	0
123	MR1	129	130	151	150	0	0
124	MR1	130	131	152	151	0	0
125	MR1	131	132	153	152	0	0
126	MR1	132	133	154	153	0	0
127	MR1	133	134	155	154	0	0
128	MR1	134	135	156	155	0	0
129	MR1	135	136	157	156	0	0
130	MR1	136	137	158	157	0	0
131	MR1	137	138	159	158	0	0
132	MR1	138	139	160	159	0	0
133	MR1	139	140	161	160	0	0
134	MR1	140	141	162	161	0	0
135	MR1	141	142	163	162	0	0
136	MR1	142	143	164	163	0	0
137	MR1	143	144	165	164	0	0
138	MR1	144	145	166	165	0	0
139	MR1	145	146	167	166	0	0
140	MR1	147	148	169	168	0	0
141	MR1	148	149	170	169	0	0
142	MR1	149	150	171	170	0	0
143	MR1	150	151	172	171	0	0
144	MR1	151	152	173	172	0	0
145	MR1	152	153	174	173	0	0
146	MR1	153	154	175	174	0	0
147	MR1	154	155	176	175	0	0
148	MR1	155	156	177	176	0	0
149	MR1	156	157	178	177	0	0
150	MR1	157	158	179	178	0	0
151	MR1	158	159	180	179	0	0
152	MR1	159	160	181	180	0	0
153	MR1	160	161	182	181	0	0
154	MR1	161	162	183	182	0	0
155	MR1	162	163	184	183	0	0
156	MR1	163	164	185	184	0	0
157	MR1	164	165	186	185	0	0
158	MR1	165	166	187	186	0	0
159	MR1	166	167	188	187	0	0
160	MR1	168	169	190	189	0	0
161	MR1	169	170	191	190	0	0
162	MR1	170	171	192	191	0	0
163	MR1	171	172	193	192	0	0
164	MR1	172	173	194	193	0	0
165	MR1	173	174	195	194	0	0
166	MR1	174	175	196	195	0	0
167	MR1	175	176	197	196	0	0
168	MR1	176	177	198	197	0	0
169	MR1	177	178	199	198	0	0
170	MR1	178	179	200	199	0	0
171	MR1	179	180	201	200	0	0
172	MR1	180	181	202	201	0	0
173	MR1	181	182	203	202	0	0
174	MR1	182	183	204	203	0	0
175	MR1	183	184	205	204	0	0
176	MR1	184	185	206	205	0	0
177	MR1	185	186	207	206	0	0
178	MR1	186	187	208	207	0	0
179	MR1	187	188	209	208	0	0
180	MR1	189	190	211	210	0	0
181	MR1	190	191	212	211	0	0
182	MR1	191	192	213	212	0	0
183	MR1	192	193	214	213	0	0
184	MR1	193	194	215	214	0	0
185	MR1	194	195	216	215	0	0
186	MR1	195	196	217	216	0	0
187	MR1	196	197	218	217	0	0
188	MR1	197	198	219	218	0	0
189	MR1	198	199	220	219	0	0
190	MR1	199	200	221	220	0	0
191	MR1	200	201	222	221	0	0
192	MR1	201	202	223	222	0	0
193	MR1	202	203	224	223	0	0
194	MR1	203	204	225	224	0	0
195	MR1	204	205	226	225	0	0
196	MR1	205	206	227	226	0	0
197	MR1	206	207	228	227	0	0
198	MR1	207	208	229	228	0	0
199	MR1	208	209	230	229	0	0
200	MR1	210	211	232	231	0	0
201	MR1	211	212	233	232	0	0
202	MR1	212	213	234	233	0	0
203	MR1	213	214	235	234	0	0
204	MR1	214	215	236	235	0	0
205	MR1	215	216	237	236	0	0
206	MR1	216	217	238	237	0	0
207	MR1	217	218	239	238	0	0
208	MR1	218	219	240	239	0	0
209	MR1	219	220	241	240	0	0
210	MR1	220	221	242	241	0	0
211	MR1	221	222	243	242	0	0
212	MR1	222	223	244	243	0	0
213	MR1	223	224	245	244	0	0
214	MR1	224	225	246	245	0	0
215	MR1	225	226	247	246	0	0
216	MR1	226	227	248	247	0	0
217	MR1	227	228	249	248	0	0
218	MR1	228	229	250	249	0	0
219	MR1	229	230	251	250	0	0
220	MR1	231	232	253	252	0	0
221	MR1	232	233	254	253	0	0
222	MR1	233	234	255	254	0	0
223	MR1	234	235	256	255	0	0
224	MR1	235	236	257	256	0	0
225	MR1	236	237	258	257	0	0
226	MR1	237	238	259	258	0	0
227	MR1	238	239	260	259	0	0
228	MR1	239	240	261	260	0	0
229	MR1	240	241	262	261	0	0
230	MR1	241	242	263	262	0	0
231	MR1	242	243	264	263	0	0
232	MR1	243	244	265	264	0	0
233	MR1	244	245	266	265	0	0
234	MR1	245	246	267	266	0	0
235	MR1	246	247	268	267	0	0
236	MR1	247	248	269	268	0	0
237	MR1	248	249	270	269	0	0
238	MR1	249	250	271	270	0	0
239	MR1	250	251	272	271	0	0
240	MR1	252	253	274	273	0	0
241	MR1	253	254	275	274	0	0
242	MR1	254	255	276	275	0	0
243	MR1	255	256	277	276	0	0
244	MR1	256	257	278	277	0	0
245	MR1	257	258	279	278	0	0
246	MR1	258	259	280	279	0	0
247	MR1	259	260	281	280	0	0
248	MR1	260	261	282	281	0	0
249	MR1	261	262	283	282	0	0
250	MR1	262	263	284	283	0	0
251	MR1	263	264	285	284	0	0
252	MR1	264	265	286	285	0	0
253	MR1	265	266	287	286	0	0
254	MR1	266	267	288	287	0	0
255	MR1	267	268	289	288	0	0
256	MR1	268	269	290	289	0	0
257	MR1	269	270	291	290	0	0
258	MR1	270	271	292	291	0	0
259	MR1	271	272	293	292	0	0
260	MR1	273	274	295	294	0	0
261	MR1	274	275	296	295	0	0
262	MR1	275	276	297	296	0	0
263	MR1	276	277	298	297	0	0
264	MR1	277	278	299	298	0	0
265	MR1	278	279	300	299	0	0
266	MR1	279	280	301	300	0	0
267	MR1	280	281	302	301	0	0
268	MR1	281	282	303	302	0	0
269	MR1	282	283	304	303	0	0
270	MR1	283	284	305	304	0	0
271	MR1	284	285	306	305	0	0
272	MR1	285	286	307	306	0	0
273	MR1	286	287	308	307	0	0
274	MR1	287	288	309	308	0	0
275	MR1	288	289	310	309	0	0
276	MR1	289	290	311	310	0	0
277	MR1	290	291	312	311	0	0
278	MR1	291	292	313	312	0	0
279	MR1	292	293	314	313	0	0
280	MR1	294	295	316	315	0	0
281	MR1	295	296	317	316	0	0
282	MR1	296	297	318	317	0	0
283	MR1	297	298	319	318	0	0
284	MR1	298	299	320	319	0	0
285	MR1	299	300	321	320	0	0
286	MR1	300	301	322	321	0	0
287	MR1	301	302	323	322	0	0
288	MR1	302	303	324	323	0	0
289	MR1	303	304	325	324	0	0
290	MR1	304	305	326	325	0	0
291	MR1	305	306	327	326	0	0
292	MR1	306	307	328	327	0	0
293	MR1	307	308	329	328	0	0
294	MR1	308	309	330	329	0	0
295	MR1	309	310	331	330	0	0
296	MR1	310	311	332	331	0	0
297	MR1	311	312	333	332	0	0
298	MR1	312	313	334	333	0	0
299	MR1	313	314	335	334	0	0
300	MR1	315	316	337	336	0	0
301	MR1	316	317	338	337	0	0
302	MR1	317	318	339	338	0	0
303	MR1	318	319	340	339	0	0
304	MR1	319	320	341	340	0	0
305	MR1	320	321	342	341	0	0
306	MR1	321	322	343	342	0	0
307	MR1	322	323	344	343	0	0
308	MR1	323	324	345	344	0	0
309	MR1	324	325	346	345	0	0
310	MR1	325	326	347	346	0	0
311	MR1	326	327	348	347	0	0
312	MR1	327	328	349	348	0	0
313	MR1	328	329	350	349	0	0
314	MR1	329	330	351	350	0	0
315	MR1	330	331	352	351	0	0
316	MR1	331	332	353	352	0	0
317	MR1	332	333	354	353	0	0
318	MR1	333	334	355	354	0	0
319	MR1	334	335	356	355	0	0
320	MR1	336	337	358	357	0	0
321	MR1	337	338	359	358	0	0
322	MR1	338	339	360	359	0	0
323	MR1	339	340	361	360	0	0
324	MR1	340	341	362	361	0	0
325	MR1	341	342	363	362	0	0
326	MR1	342	343	364	363	0	0
327	MR1	343	344	365	364	0	0
328	MR1	344	345	366	365	0	0
329	MR1	345	346	367	366	0	0
330	MR1	346	347	368	367	0	0
331	MR1	347	348	369	368	0	0
332	MR1	348	349	370	369	0	0
333	MR1	349	350	371	370	0	0
334	MR1	350	351	372	371	0	0
335	MR1	351	352	373	372	0	0
336	MR1	352	353	374	373	0	0
337	MR1	353	354	375	374	0	0
338	MR1	354	355	376	375	0	0
339	MR1	355	356	377	376	0	0
340	MR1	357	358	379	378	0	0
341	MR1	358	359	380	379	0	0
342	MR1	359	360	381	380	0	0
343	MR1	360	361	382	381	0	0
344	MR1	361	362	383	382	0	0
345	MR1	362	363	384	383	0	0
346	MR1	363	364	385	384	0	0
347	MR1	364	365	386	385	0	0
348	MR1	365	366	387	386	0	0
349	MR1	366	367	388	387	0	0
350	MR1	367	368	389	388	0	0
351	MR1	368	369	390	389	0	0
352	MR1	369	370	391	390	0	0
353	MR1	370	371	392	391	0	0
354	MR1	371	372	393	392	0	0
355	MR1	372	373	394	393	0	0
356	MR1	373	374	395	394	0	0
357	MR1	374	375	396	395	0	0
358	MR1	375	376	397	396	0	0
359	MR1	376	377	398	397	0	0
360	MR1	378	379	400	399	0	0
361	MR1	379	380	401	400	0	0
362	MR1	380	381	402	401	0	0
363	MR1	381	382	403	402	0	0
364	MR1	382	383	404	403	0	0
365	MR1	383	384	405	404	0	0
366	MR1	384	385	406	405	0	0
367	MR1	385	386	407	406	0	0
368	MR1	386	387	408	407	0	0
369	MR1	387	388	409	408	0	0
370	MR1	388	389	410	409	0	0
371	MR1	389	390	411	410	0	0
372	MR1	390	391	412	411	0	0
373	MR1	391	392	413	412	0	0
374	MR1	392	393	414	413	0	0
375	MR1	393	394	415	414	0	0
376	MR1	394	395	416	415	0	0
377	MR1	395	396	417	416	0	0
378	MR1	396	397	418	417	0	0
379	MR1	397	398	419	418	0	0
380	MR1	399	400	421	420	0	0
381	MR1	400	401	422	421	0	0
382	MR1	401	402	423	422	0	0
383	MR1	402	403	424	423	0	0
384	MR1	403	404	425	424	0	0
385	MR1	404	405	426	425	0	0
386	MR1	405	406	427	426	0	0
387	MR1	406	407	428	427	0	0
388	MR1	407	408	429	428	0	0
389	MR1	408	409	430	429	0	0
390	MR1	409	410	431	430	0	0
391	MR1	410	411	432	431	0	0
392	MR1	411	412	433	432	0	0
393	MR1	412	413	434	433	0	0
394	MR1	413	414	435	434	0	0
395	MR1	414	415	436	435	0	0
396	MR1	415	416	437	436	0	0
397	MR1	416	417	438	437	0	0
398	MR1	417	418	439	438	0	0
399	MR1	418	419	440	439	0	0
_____________________________________________________

** Materiais **
Id	E (GPa)	v	fu (MPa)
0	26.071594	0.2	500.0
_____________________________________________________

** Secoes **
Id	Espessura (mm)
0	300.0
_____________________________________________________

** Apoios **
Id	No	Rx	Ry	Rz	Tetax	Tetay	Tetaz
0	0	0	0	1	0	0	0
1	21	0	0	1	0	0	0
2	42	0	0	1	0	0	0
3	63	0	0	1	0	0	0
4	84	0	0	1	0	0	0
5	105	0	0	1	0	0	0
6	126	0	0	1	0	0	0
7	147	0	0	1	0	0	0
8	168	0	0	1	0	0	0
9	189	0	0	1	0	0	0
10	210	0	0	1	0	0	0
11	231	0	0	1	0	0	0
12	252	0	0	1	0	0	0
13	273	0	0	1	0	0	0
14	294	0	0	1	0	0	0
15	315	0	0	1	0	0	0
16	336	0	0	1	0	0	0
17	357	0	0	1	0	0	0
18	378	0	0	1	0	0	0
19	399	0	0	1	0	0	0
20	420	0	0	1	0	0	0
21	1	0	0	1	0	0	0
22	2	0	0	1	0	0	0
23	3	0	0	1	0	0	0
24	4	0	0	1	0	0	0
25	5	0	0	1	0	0	0
26	6	0	0	1	0	0	0
27	7	0	0	1	0	0	0
28	8	0	0	1	0	0	0
29	9	0	0	1	0	0	0
30	10	0	0	1	0	0	0
31	11	0	0	1	0	0	0
32	12	0	0	1	0	0	0
33	13	0	0	1	0	0	0
34	14	0	0	1	0	0	0
35	15	0	0	1	0	0	0
36	16	0	0	1	0	0	0
37	17	0	0	1	0	0	0
38	18	0	0	1	0	0	0
39	19	0	0	1	0	0	0
40	421	0	0	1	0	0	0
41	422	0	0	1	0	0	0
42	423	0	0	1	0	0	0
43	424	0	0	1	0	0	0
44	425	0	0	1	0	0	0
45	426	0	0	1	0	0	0
46	427	0	0	1	0	0	0
47	428	0	0	1	0	0	0
48	429	0	0	1	0	0	0
49	430	0	0	1	0	0	0
50	431	0	0	1	0	0	0
51	432	0	0	1	0	0	0
52	433	0	0	1	0	0	0
53	434	0	0	1	0	0	0
54	435	0	0	1	0	0	0
55	436	0	0	1	0	0	0
56	437	0	0	1	0	0	0
57	438	0	0	1	0	0	0
58	439	0	0	1	0	0	0
59	20	0	0	1	0	0	0
60	41	0	0	1	0	0	0
61	62	0	0	1	0	0	0
62	83	0	0	1	0	0	0
63	104	0	0	1	0	0	0
64	125	0	0	1	0	0	0
65	146	0	0	1	0	0	0
66	167	0	0	1	0	0	0
67	188	0	0	1	0	0	0
68	209	0	0	1	0	0	0
69	230	0	0	1	0	0	0
70	251	0	0	1	0	0	0
71	272	0	0	1	0	0	0
72	293	0	0	1	0	0	0
73	314	0	0	1	0	0	0
74	335	0	0	1	0	0	0
75	356	0	0	1	0	0	0
76	377	0	0	1	0	0	0
77	398	0	0	1	0	0	0
78	419	0	0	1	0	0	0
79	440	0	0	1	0	0	0
_____________________________________________________

** Cargas concentradas **
Id	No	Fx (kN)	Fy (kN)	Fz (kN)	Mx (kNm)	My (kNm)	Mz (kNm)
0	220	0.0	0.0	1.0	0.0	0.0	0.0
_____________________________________________________

** Cargas distribuidas **
Id	Elem	Tipo	Valor inicial (kN)	Valor final (kN)	Dist inicial (mm)	Dist final (mm)
_____________________________________________________

** Deslocamentos aplicados **
Id	No	Fx	Fy	Fz	Mx	My	Mz
_____________________________________________________

** Desenho **
Pos des x (m)	Pos des y (m)	Centro x (m)	Centro y (m)	Dim x (m)	Dim y (m)	Tetax	Tetay	Tetaz
0	0	326	293	12.0	12.0	0.0	0.0	0.0
_____________________________________________________

$