Displacements
0	0	0.003688397980559316	-0.0031497743669659795	0	0	
1	0	-9.904829822978223E-4	0.003659787546802834	0	0	
2	0	-4.591107765159679E-6	0.002229788081640995	0	0	
3	0	3.4172194606894423E-4	9.839669680652581E-4	0	0	
4	0	4.367374055790918E-4	-1.980016258377027E-4	0	0	
5	0	3.617048056427917E-4	-9.669496157556775E-4	0	0	
6	0	2.1571182046882433E-4	-0.001291415852223367	0	0	
7	0	7.222333962843169E-5	-0.0012744234811698676	0	0	
8	0	-3.0538871653420176E-5	-0.0010649974510210025	0	0	
9	0	-8.4621440199123E-5	-7.908324378087708E-4	0	0	
10	0	-9.970481428390576E-5	-5.331398815330332E-4	0	0	
11	0	-9.088573566636326E-5	-3.288853288132481E-4	0	0	
12	0	-7.168555939493147E-5	-1.844719241887102E-4	0	0	
13	0	-5.112351184023468E-5	-9.134746422357236E-5	0	0	
14	0	-3.3486597303266165E-5	-3.674342467508468E-5	0	0	
15	0	-2.011297581190892E-5	-8.49098071908089E-6	0	0	
16	0	-1.0827868867710393E-5	3.2148601180141153E-6	0	0	
17	0	-4.887121705382953E-6	5.627533199705105E-6	0	0	
18	0	-1.466661913108031E-6	3.8466102998890804E-6	0	0	
19	0	1.6393464943245496E-7	1.1974103973041808E-6	0	0	
20	0	5.736477372733766E-7	3.566323460749786E-8	0	0	
21	0	0.002586720174990642	-4.783202831339153E-4	0	0	
22	3.9997187338210925E-4	2.0382811238549524E-5	-2.247125172566393E-4	2.616857737676757E-5	3.8709987730535154E-4	
23	3.226671141104283E-4	-2.493022644851479E-4	-1.8893548424161658E-5	3.032467269997591E-4	1.9109992652673536E-5	
24	1.793658588045456E-4	-3.6643866084888486E-4	1.6476216440437804E-4	3.8308324871828316E-4	-1.885213300054142E-4	
25	2.9883754869138052E-5	-3.276605190347516E-4	2.387930279537054E-4	3.201530913591453E-4	-2.8120071548463243E-4	
26	-8.05802162706326E-5	-2.1185585081811827E-4	2.3574538326684823E-4	1.934911245831271E-4	-2.7793548045326673E-4	
27	-1.3776410525198672E-4	-8.692813382442759E-5	1.9007878296490457E-4	6.789025758347862E-5	-2.233459770530982E-4	
28	-1.4898393295077384E-4	7.5890275465206655E-6	1.3329162329730186E-4	-2.1545549440379944E-5	-1.5506809539790853E-4	
29	-1.3098653650434495E-4	6.004030511044185E-5	8.401130687480805E-5	-6.733110195368972E-5	-9.576104314274082E-5	
30	-1.0042229835217582E-4	7.695038553848357E-5	4.872937426020678E-5	-7.866245644428019E-5	-5.3430881258859217E-5	
31	-6.909216437630319E-5	7.145986441607975E-5	2.6520820975493042E-5	-6.967884729663671E-5	-2.7102493772013835E-5	
32	-4.312574424855233E-5	5.614584915605861E-5	1.3776855650379021E-5	-5.2847437211395544E-5	-1.2420535357876497E-5	
33	-2.427729210341876E-5	3.94485397844651E-5	6.938034533111267E-6	-3.599455322596329E-5	-4.978140290308205E-6	
34	-1.1937326391081549E-5	2.5155679088033994E-5	3.422228337191188E-6	-2.2221677919620037E-5	-1.55217809922501E-6	
35	-4.65951091769514E-6	1.4447446014168651E-5	1.6457623145130602E-6	-1.2242164213343943E-5	-1.5473565070278977E-7	
36	-9.142226164550149E-7	7.169442110864181E-6	7.430242039064009E-7	-5.656045279455635E-6	3.004356864493722E-7	
37	5.934590209327079E-7	2.68023260199458E-6	2.8289207317245254E-7	-1.7263203588589347E-6	3.5269709526878926E-7	
38	8.48652687858504E-7	2.684916218706358E-7	6.331027436881026E-8	2.732318029679259E-7	2.5140537040064953E-7	
39	5.523870341591182E-7	-6.847914555177921E-7	-1.9561264570108274E-8	9.426241754014557E-7	1.1834830124161319E-7	
40	1.6452865210195848E-7	-7.189104798554275E-7	-1.7422295257618014E-8	7.975008478578974E-7	2.194280872643483E-9	
41	0	-3.714260502784482E-8	-1.4006432067605798E-8	0	0	
42	0	0.0011555960566969991	1.9480884278256773E-4	0	0	
43	2.180845599212433E-4	2.2406002408596794E-4	-4.4975614075361774E-4	-2.441867520377288E-4	4.971064703212955E-4	
44	2.755734201640908E-4	-1.767865011282337E-6	-1.6159002155038903E-4	5.856335066913852E-7	1.5633425897937115E-4	
45	2.2934560008016285E-4	-1.6912554724555175E-4	3.0401186614340296E-5	1.6911143706456564E-4	-2.839559470140685E-5	
46	1.2992475322858146E-4	-2.149072213321381E-4	1.4806785275584737E-4	2.1843036453341114E-4	-1.4722260687479051E-4	
47	2.861773917893381E-5	-1.7954902104978023E-4	1.862875214230233E-4	1.83552821423647E-4	-1.856881205750488E-4	
48	-4.4836965561196945E-5	-1.0843723853703552E-4	1.693183014539397E-4	1.1155022261939769E-4	-1.6896965610525838E-4	
49	-8.187973978058397E-5	-3.8341329068386334E-5	1.2682066302271798E-4	4.0121738142540523E-5	-1.266860999684097E-4	
50	-8.836307717911028E-5	1.0846882204808776E-5	8.201405498582604E-5	-1.0163724532613538E-5	-8.21244624139502E-5	
51	-7.61202974135464E-5	3.518070179149073E-5	4.6849144585123006E-5	-3.514753856806269E-5	-4.718941863351173E-5	
52	-5.64935577966896E-5	4.01586194604614E-5	2.393719146583565E-5	-4.0402057404269784E-5	-2.441961397175046E-5	
53	-3.714539345282687E-5	3.4470520081648185E-5	1.0983522436195369E-5	-3.477720859395941E-5	-1.1491245878865439E-5	
54	-2.1679353527490028E-5	2.5257248893608688E-5	4.489774454472075E-6	-2.5533377793515744E-5	-4.933329464388537E-6	
55	-1.0916781951787326E-5	1.628561132077707E-5	1.5951504575218553E-6	-1.6499429375828382E-5	-1.933412150382301E-6	
56	-4.31031193275376E-6	9.155929406462472E-6	4.7024587345737437E-7	-9.307707116410375E-6	-7.007933391939461E-7	
57	-8.238438876943648E-7	4.195112845312434E-6	1.0614549531415368E-7	-4.296989192118893E-6	-2.462235694888722E-7	
58	5.96873945360899E-7	1.1592828138775578E-6	1.824415794856514E-8	-1.22521256088902E-6	-9.159602788059969E-8	
59	8.322911871940684E-7	-3.7849299394405226E-7	7.959571039721966E-9	3.3691815103328537E-7	-3.7538361078732124E-8	
60	5.404950182058689E-7	-8.550621011906529E-7	1.146070334012033E-8	8.301066875760295E-7	-1.687525838001569E-8	
61	1.646372927960145E-7	-6.695499270080483E-7	8.903119731043839E-9	6.550943482533882E-7	-3.5293751138988765E-9	
62	0	-4.32969373134234E-9	4.905273469079059E-9	0	0	
63	0	-6.989816020970405E-4	5.662056599661409E-4	0	0	
64	3.3695353507365864E-6	4.221879532597655E-4	-5.087599707423428E-4	-4.955215931443409E-4	5.17800663733296E-4	
65	1.6379865277577627E-4	1.9886868377021763E-4	-2.6839034300427025E-4	-1.936844354610286E-4	2.681740486857331E-4	
66	2.0747077958477888E-4	-1.4773202952628918E-5	-1.1296929256789592E-4	1.4996129921111255E-5	1.1206322867033309E-4	
67	1.710426173186116E-4	-1.2881857881828372E-4	2.291444554591352E-5	1.3088113629419843E-4	-2.5428273492644965E-5	
68	9.954558196815102E-5	-1.575742064914975E-4	1.019738885048089E-4	1.595702180702536E-4	-1.0454787212191197E-4	
69	2.8438432597160945E-5	-1.288148751962842E-4	1.2631114143516956E-4	1.302133570319856E-4	-1.2806123077775078E-4	
70	-2.2185252041714924E-5	-7.592937429413584E-5	1.128258243673095E-4	7.65361270543002E-5	-1.1349633119601464E-4	
71	-4.712447094351034E-5	-2.5592843803778252E-5	8.280656873923742E-5	2.562678148649234E-5	-8.26547644612014E-5	
72	-5.1186810503389624E-5	8.371920664150531E-6	5.232431770876186E-5	-8.569448069059261E-6	-5.178534170307406E-5	
73	-4.306489901675736E-5	2.3884379505551476E-5	2.9156465898650392E-5	-2.40619797536348E-5	-2.8578830732053524E-5	
74	-3.063785507145456E-5	2.607696718481026E-5	1.4532849854240125E-5	-2.6145103483170117E-5	-1.408552774779994E-5	
75	-1.8836394678143283E-5	2.1587511516613902E-5	6.515463773892583E-6	-2.1564857974608774E-5	-6.2261661103910165E-6	
76	-9.806739340548968E-6	1.5007899032663294E-5	2.6075603810024932E-6	-1.4940595742975794E-5	-2.4407299077763967E-6	
77	-3.929539330176697E-6	8.897976181379435E-6	9.109015946348211E-7	-8.823391011751086E-6	-8.228423551123079E-7	
78	-7.104616946605675E-7	4.264596200888831E-6	2.697221960360843E-7	-4.201876627573281E-6	-2.2761886314741902E-7	
79	6.272981582902534E-7	1.2677716044859882E-6	6.595865115089202E-8	-1.2239278274231038E-6	-4.8183242152124066E-8	
80	8.411436427925111E-7	-3.153728537557864E-7	1.3296725432953663E-8	3.4045866600781303E-7	-7.185299959050323E-9	
81	5.441323820431934E-7	-8.360401927426539E-7	8.643774087259276E-10	8.457628099504787E-7	4.89320090432869E-10	
82	1.6565317994951331E-7	-6.790398277685735E-7	-2.100213596824222E-9	6.789604525553524E-7	1.6628439721516201E-9	
83	0	-8.737219196394395E-9	-1.7360426927392739E-9	0	0	
84	0	-0.0022187400100590676	6.085002439002369E-4	0	0	
85	-1.9363947773948413E-4	5.047079811465222E-4	-4.2423710870626E-4	-5.946432052907585E-4	4.0792172620653355E-4	
86	2.119855900706834E-5	3.2535759194656595E-4	-2.838857858381423E-4	-3.2252815610442885E-4	2.8811052502063575E-4	
87	1.3132832504014264E-4	1.2498256371718013E-4	-1.9173799513685122E-4	-1.2664606741530083E-4	1.9291510948295278E-4	
88	1.571485003534083E-4	-1.6775073633905933E-5	-7.515398603577529E-5	1.742298017565942E-5	7.483916748442294E-5	
89	1.2884425984101695E-4	-9.352383463973262E-5	1.804048183006019E-5	9.499652340307142E-5	-1.9420607093884235E-5	
90	7.745088663294115E-5	-1.1126918044338407E-4	7.182538235360207E-5	1.1288667230813037E-4	-7.337818039674648E-5	
91	2.7420213789596776E-5	-8.947605062763145E-5	8.679098288071898E-5	9.062769060474558E-5	-8.788141475533795E-5	
92	-7.606416386127862E-6	-5.1873130614439426E-5	7.577199085509187E-5	5.239051926237112E-5	-7.620263300190373E-5	
93	-2.4585779451033694E-5	-1.7268627139578263E-5	5.4188975788021636E-5	1.731834735323777E-5	-5.411859498622585E-5	
94	-2.7452747267184753E-5	4.947074040606154E-6	3.324201159054068E-5	-5.092180610173938E-6	-3.295043284838842E-5	
95	-2.2504477499804355E-5	1.4422739699405457E-5	1.7924598539977093E-5	-1.4569696183583491E-5	-1.7626594691246717E-5	
96	-1.5038272732181593E-5	1.5338828810454103E-5	8.623557562848629E-6	-1.5417074905220083E-5	-8.411223543337839E-6	
97	-8.21884929631118E-6	1.201589016936718E-5	3.717205851412091E-6	-1.2030117682111577E-5	-3.594344107666561E-6	
98	-3.3458073717100677E-6	7.617682100169426E-6	1.4142194997711247E-6	-7.59905153445375E-6	-1.352111746496849E-6	
99	-5.282218468806793E-7	3.788606498686311E-6	4.5734189713808537E-7	-3.761455748002313E-6	-4.294183693178651E-7	
100	6.736999483956958E-7	1.1193254730833228E-6	1.203488641402319E-7	-1.0959903028430971E-6	-1.0988099471796888E-7	
101	8.506740388433189E-7	-3.5300922821243837E-7	2.5544647623084584E-8	3.673660094259227E-7	-2.2513999577230635E-8	
102	5.457705833299993E-7	-8.447260941808724E-7	5.795849465755738E-9	8.496866790097029E-7	-5.188538544733947E-9	
103	1.6573415719316775E-7	-6.792964275096529E-7	1.9885588526516764E-9	6.769912279129029E-7	-1.7301335478028972E-9	
104	0	-7.81392426072792E-9	5.924796935785537E-10	0	0	
105	0	-0.003169394627611687	4.71000644227141E-4	0	0	
106	-3.3213794131986557E-4	4.915669367947623E-4	-2.6181910153444957E-4	-5.788785133629305E-4	2.3533808929544832E-4	
107	-1.1009735251878043E-4	3.669219012531893E-4	-2.2757195294107865E-4	-3.655974837654845E-4	2.330869342075266E-4	
108	3.2964549900051795E-5	2.1277801219858592E-4	-2.036022624216491E-4	-2.149369947209116E-4	2.0545612889010328E-4	
109	1.0503533238458622E-4	8.013445108300694E-5	-1.313006402923912E-4	-8.07601158852721E-5	1.3224547918129744E-4	
110	1.200893639785188E-4	-1.6504032112564943E-5	-5.078066151839321E-5	1.6874802548108544E-5	5.045928356408764E-5	
111	9.842269577345896E-5	-6.839139399145248E-5	1.4155813848561484E-5	6.944705505579535E-5	-1.5208846805702811E-5	
112	6.142491993453404E-5	-7.92101993420766E-5	5.067880040547378E-5	8.034699950816084E-5	-5.182225123334773E-5	
113	2.6070759085953335E-5	-6.272184083177364E-5	5.970436999742483E-5	6.350610454052294E-5	-6.0470315577318735E-5	
114	1.6098553959073863E-6	-3.5995810951780754E-5	5.085700159599521E-5	3.631884911430723E-5	-5.112311468300362E-5	
115	-1.030090031955425E-5	-1.2448779510553355E-5	3.535953952430233E-5	1.2451965946581065E-5	-3.5267858874115105E-5	
116	-1.2748598564116746E-5	2.133490624811621E-6	2.1002727528364535E-5	-2.2505373797979356E-6	-2.0770770874484735E-5	
117	-1.012597581550085E-5	8.120289346003563E-6	1.0931906589049035E-5	-8.225261590232093E-6	-1.0713850240331532E-5	
118	-6.006746186545426E-6	8.329846365064585E-6	5.068255670641221E-6	-8.377644967126808E-6	-4.921334641588819E-6	
119	-2.4590228061394267E-6	5.940953433715001E-6	2.098255560473724E-6	-5.944320360652778E-6	-2.016831133610422E-6	
120	-2.21000459656148E-7	3.1174022985270214E-6	7.54923428820672E-7	-3.1022497666095232E-6	-7.146592620821683E-7	
121	7.607831277285026E-7	8.978895874553172E-7	2.210684988992991E-7	-8.80938748178434E-7	-2.0312444807691684E-7	
122	8.696856757210146E-7	-4.0808173395135334E-7	4.826751652068511E-8	4.199046504934373E-7	-4.1820293908564905E-8	
123	5.490082677764589E-7	-8.538534498246886E-7	6.689663920336773E-9	8.581345774760029E-7	-4.971115414832682E-9	
124	1.6627892239082647E-7	-6.813696576107136E-7	2.539913795701224E-10	6.792165062125346E-7	6.631574709277587E-11	
125	0	-8.13643432383716E-9	-2.155664787185028E-10	0	0	
126	0	-0.003501701413589105	2.57009999304951E-4	0	0	
127	-3.975518681376326E-4	4.16236595611489E-4	-8.763561338731536E-5	-4.882183001908925E-4	6.14738446966988E-5	
128	-2.0222075477650798E-4	3.399333984609577E-4	-1.3411438193995363E-4	-3.3980208045206666E-4	1.3898781055671994E-4	
129	-5.790791564182412E-5	2.419218477083656E-4	-1.6278475901356946E-4	-2.4362951244967447E-4	1.645793039843031E-4	
130	3.6987540613159325E-5	1.4145173015199254E-4	-1.406102189326793E-4	-1.4266686800986535E-4	1.4220544132965675E-4	
131	8.439013877258276E-5	5.145897031574896E-5	-9.083104605647797E-5	-5.198682196555185E-5	9.148397492031485E-5	
132	9.299815872920336E-5	-1.4716149030251814E-5	-3.425390709972258E-5	1.4990325204002767E-5	3.402166554219914E-5	
133	7.649447416972336E-5	-5.0092329914905536E-5	1.1026563895829022E-5	5.086906975432435E-5	-1.180253570754528E-5	
134	4.971635392897259E-5	-5.677468861906866E-5	3.584836861975674E-5	5.7600940680926834E-5	-3.6678674613607E-5	
135	2.4477216928346603E-5	-4.4558589782541824E-5	4.110480803340102E-5	4.510902560454235E-5	-4.164229782191602E-5	
136	7.0203552642758E-6	-2.5875954542809997E-5	3.407710634541444E-5	2.6083978221701715E-5	-3.424361058713821E-5	
137	-1.7531292977487916E-6	-9.767532837513468E-6	2.2958994582651208E-5	9.747015766556766E-6	-2.2873998372565778E-5	
138	-4.08711312157321E-6	7.143470780565409E-8	1.3153741811523886E-5	-1.6907335747866511E-7	-1.2982488885555725E-5	
139	-3.0782910398322844E-6	3.8072884450789416E-6	6.584467865260841E-6	-3.883836159650562E-6	-6.435047984869401E-6	
140	-1.1912096518774343E-6	3.7263712582300484E-6	2.934810078351882E-6	-3.757627292971351E-6	-2.840571408690763E-6	
141	2.6404867507899095E-7	2.145502908509127E-6	1.1655164199111485E-6	-2.14678847954553E-6	-1.11638572656013E-6	
142	9.16770213925064E-7	5.258616298215871E-7	3.938731635180459E-7	-5.177698076366789E-7	-3.704390244320332E-7	
143	9.080224403420685E-7	-5.189352789540481E-7	1.0150980807048953E-7	5.256900311544976E-7	-9.134288802285612E-8	
144	5.552659003103471E-7	-8.761753547006679E-7	1.7321202414721686E-8	8.78445632315822E-7	-1.4062143064788089E-8	
145	1.66749125331556E-7	-6.835609633278386E-7	1.4427945638795426E-9	6.808317635388539E-7	-7.485150985885146E-10	
146	0	-8.092763686811187E-9	6.441303494075261E-11	0	0	
147	0	-0.003332533250469725	4.6819386243752185E-5	0	0	
148	-3.9751801615269634E-4	3.1614633706917E-4	5.246341971043568E-5	-3.681174075937808E-4	-7.183198671243132E-5	
149	-2.4549679714753564E-4	2.7356805797844655E-4	-3.871797709312763E-5	-2.7420238222920356E-4	4.203258286934559E-5	
150	-1.2169921854565323E-4	2.236450580742018E-4	-9.527335807473709E-5	-2.2439469462132288E-4	9.650687498281246E-5	
151	-2.6096135265242223E-5	1.6137274667701838E-4	-1.1274067331120262E-4	-1.6247714631274792E-4	1.1425284325568402E-4	
152	3.717779148586944E-5	9.4308706781047E-5	-9.792287527327801E-5	-9.523139816309165E-5	9.903272967397837E-5	
153	6.845319406520746E-5	3.3016566794872474E-5	-6.306225740191346E-5	-3.341579280665897E-5	6.35432809785332E-5	
154	7.3160985569087E-5	-1.2611204947026033E-5	-2.323813039916085E-5	1.2809643478857349E-5	2.3063976553729923E-5	
155	6.054915187520001E-5	-3.7016829468644275E-5	8.468012640561252E-6	3.7593329605604614E-5	-9.043251841858314E-6	
156	4.092951775236398E-5	-4.130290852433437E-5	2.535459722582114E-5	4.1908023390645E-5	-2.5959174681562892E-5	
157	2.252780187550969E-5	-3.256594443439525E-5	2.8264369287060616E-5	3.295626531966202E-5	-2.8639370703626553E-5	
158	9.651734026206929E-6	-1.9359798564388788E-5	2.274074745459453E-5	1.9490464758900244E-5	-2.2839361140699725E-5	
159	2.9047205525827895E-6	-8.013161340887523E-6	1.4785638495685593E-5	7.979227992961564E-6	-1.47085788137238E-5	
160	6.132050294368392E-7	-1.3976784611033589E-6	8.128950645204416E-6	1.3202589043153354E-6	-8.001846738506454E-6	
161	5.26166799042805E-7	9.476963012455763E-7	3.893515664646917E-6	-1.001529102613074E-6	-3.7912941568388764E-6	
162	9.77224631276265E-7	8.473730558660801E-7	1.6632650412745458E-6	-8.669088325289046E-7	-1.6035332689769947E-6	
163	1.1763128146436347E-6	-2.3629909961007535E-8	6.326180379016585E-7	2.284482749468585E-8	-6.036103476898565E-7	
164	9.841532744325828E-7	-7.185433785980567E-7	1.9787986324418E-7	7.208769226570271E-7	-1.8441430832110662E-7	
165	5.70477332654207E-7	-9.26706329077151E-7	4.157190968298879E-8	9.262069807222985E-7	-3.580051790490666E-8	
166	1.682776774647648E-7	-6.902213831004531E-7	4.236240334318888E-9	6.866970401873874E-7	-2.713477776099135E-9	
167	0	-8.103385106219331E-9	-6.297896647797806E-13	0	0	
168	0	-0.002850807995314788	-1.1163114878875451E-4	0	0	
169	-3.522022012501555E-4	2.1938527365855242E-4	1.3871805739336412E-4	-2.523273459391283E-4	-1.489821022908626E-4	
170	-2.454223633775348E-4	1.962140936181895E-4	3.459723217723345E-5	-1.973217901588839E-4	-3.2900274842723206E-5	
171	-1.5175221946854436E-4	1.7865897353514803E-4	-2.7123403711560005E-5	-1.7847903808951553E-4	2.7735343026760247E-5	
172	-7.039927042703141E-5	1.4825983012617383E-4	-6.615863660241202E-5	-1.4885415151807285E-4	6.717572801213199E-5	
173	-6.778055744790968E-6	1.0790333106170096E-4	-7.863234107209205E-5	-1.0870059138887124E-4	7.967048762533302E-5	
174	3.551738380554879E-5	6.301375261749361E-5	-6.859000563951303E-5	-6.370025951610545E-5	6.939752326563323E-5	
175	5.615603715103587E-5	2.1053776271804134E-5	-4.416020426652815E-5	-2.1357412451208467E-5	4.451750817932406E-5	
176	5.846743230049964E-5	-1.072539074839534E-5	-1.6000161904601927E-5	1.0873059849192761E-5	1.587221068958436E-5	
177	4.867504427848405E-5	-2.787674992067375E-5	6.3128485839759654E-6	2.8311558884052638E-5	-6.740560952808055E-6	
178	3.3941230436855374E-5	-3.094306247522138E-5	1.7828535400784155E-5	3.139365580942363E-5	-1.826952570349637E-5	
179	2.0116564309799822E-5	-2.4541057049107955E-5	1.9317227791102358E-5	2.481766670056617E-5	-1.9577413910483212E-5	
180	1.0348000620765529E-5	-1.4839289579128324E-5	1.5028930907357199E-5	1.4916312077740975E-5	-1.5082998695414787E-5	
181	4.994960434666424E-6	-6.8448570510742505E-6	9.371986346613125E-6	6.808333440739647E-6	-9.304562331705714E-6	
182	2.734280457321248E-6	-2.3661391881966022E-6	4.902174081000412E-6	2.3072373122328108E-6	-4.8085059032267445E-6	
183	1.9557166535696516E-6	-8.178100331875632E-7	2.2247570630895768E-6	7.813555434385828E-7	-2.1558726255945965E-6	
184	1.5638944078544067E-6	-7.610102782429915E-7	9.038819026168823E-7	7.492812317118894E-7	-8.672458374514243E-7	
185	1.1169164713042724E-6	-1.0204245667589364E-6	3.269230611294793E-7	1.0192316602729729E-6	-3.1073127290835965E-7	
186	6.042323826134016E-7	-1.0294344718352268E-6	9.08125686154794E-8	1.0275297841185856E-6	-8.340277909754294E-8	
187	1.7254090100636614E-7	-7.087730952110294E-7	1.185570536038081E-8	7.040735224943254E-7	-8.696989544902626E-9	
188	0	-7.80642314338471E-9	-2.740636816465614E-11	0	0	
189	0	-0.0022413020120164505	-2.023575731195803E-4	0	0	
190	-2.8433799768234886E-4	1.4086194893942941E-4	1.7299117243054946E-4	-1.5876751901957141E-4	-1.7498698995604942E-4	
191	-2.1586341905626915E-4	1.2711928844095802E-4	7.674933689999546E-5	-1.2848681797054953E-4	-7.62717646423144E-5	
192	-1.5218012261863716E-4	1.267924556770175E-4	2.4262386254667064E-5	-1.2602443853490722E-4	-2.406789763981455E-5	
193	-9.138930352277059E-5	1.1707628944075267E-4	-1.9529931446428456E-5	-1.1712862574656568E-4	2.000728038954636E-5	
194	-3.773337539951164E-5	9.842032263258721E-5	-4.631591414738228E-5	-9.881498542042772E-5	4.699142129143216E-5	
195	4.6507348204556655E-6	7.222698448354831E-5	-5.5373885905677356E-5	-7.280869475365899E-5	5.6110460781825405E-5	
196	3.294163088579146E-5	4.21023531028529E-5	-4.861241172719815E-5	-4.261292868731165E-5	4.920442238480111E-5	
197	4.6492094552867226E-5	1.3137753132018241E-5	-3.144537948185004E-5	-1.3368473589664204E-5	3.171729464423593E-5	
198	4.725656650798231E-5	-9.324419221779038E-6	-1.1415705788766949E-5	9.438063862649127E-6	1.1324387104721337E-5	
199	3.937705237601774E-5	-2.178647722389207E-5	4.398784977783888E-6	2.212199169467069E-5	-4.7167923087218E-6	
200	2.7944457170977563E-5	-2.386216271566981E-5	1.2296220749113596E-5	2.4199460298643758E-5	-1.2617305594995364E-5	
201	1.7315231697278747E-5	-1.8798921768684664E-5	1.2969888572292535E-5	1.8992748491489234E-5	-1.3148053163030635E-5	
202	9.757623364060677E-6	-1.1655860924943519E-5	9.701394347453325E-6	1.1700821630778418E-5	-9.72609431068919E-6	
203	5.3980960321316315E-6	-5.97630296615034E-6	5.733900733465182E-6	5.943548308931654E-6	-5.676055054963928E-6	
204	3.217160187574824E-6	-2.866298516399687E-6	2.7982110535518576E-6	2.8240747563967842E-6	-2.7296749590240403E-6	
205	2.086012066556266E-6	-1.7109950067767657E-6	1.1704055055177879E-6	1.6881808936841106E-6	-1.1249958407397714E-6	
206	1.3098806007447724E-6	-1.4113975244371896E-6	4.384002575489157E-7	1.40546301736812E-6	-4.172011622437649E-7	
207	6.638610274481141E-7	-1.183110317971448E-6	1.4520725671167493E-7	1.182011111347731E-6	-1.3721416988143755E-7	
208	1.8343117279053327E-7	-7.542010363979841E-7	3.06627063072321E-8	7.50555587386883E-7	-2.7044873523412774E-8	
209	0	-7.359144988136063E-9	1.5538946666336376E-10	0	0	
210	0	-0.0016413656409791336	-2.32364375889996E-4	0	0	
211	-2.125416289831653E-4	8.450958208380021E-5	1.6894420311505825E-4	-9.216269256741302E-5	-1.6513641498871415E-4	
212	-1.721925189982964E-4	7.484403761193846E-5	9.045054085046029E-5	-7.62885111338374E-5	-9.069194894473512E-5	
213	-1.329049658695273E-4	8.111561660587774E-5	5.269361486440804E-5	-8.014893288889342E-5	-5.2664289702170804E-5	
214	-9.22279547612006E-5	8.182519877760413E-5	1.4839050316444133E-5	-8.152626388530825E-5	-1.4724934498403195E-5	
215	-5.26663023199386E-5	7.673742070148258E-5	-1.4513779530472607E-5	-7.673139530403378E-5	1.4812619385608146E-5	
216	-1.7300504150757664E-5	6.529014023397529E-5	-3.320342753976611E-5	-6.556779991388065E-5	3.366404540842466E-5	
217	1.0917201387387275E-5	4.8309356328533806E-5	-3.9808551951923866E-5	-4.87301141480517E-5	4.033612547092906E-5	
218	2.9786834594706302E-5	2.7959477569172885E-5	-3.528966624607156E-5	-2.8339419120036228E-5	3.5731700714109946E-5	
219	3.852333256852044E-5	7.708528805700878E-6	-2.3170684062359688E-5	-7.8828720214173E-6	2.3384854895558155E-5	
220	3.817013750570373E-5	-8.580125907120673E-6	-8.803811433403319E-6	8.672592017952369E-6	8.743226403698436E-6	
221	3.1562303233313446E-5	-1.7559828597501358E-5	2.5283452740560936E-6	1.7817907882133732E-5	-2.7628691690112644E-6	
222	2.250848407535072E-5	-1.8609724832728968E-5	8.020073514773793E-6	1.8857116927176135E-5	-8.251697579629626E-6	
223	1.4231770117876245E-5	-1.4610974047087393E-5	8.28768610152911E-6	1.4744461166948279E-5	-8.406165165874073E-6	
224	8.297409117385875E-6	-9.293439108332383E-6	5.881793448851999E-6	9.315678465331677E-6	-5.886719200656228E-6	
225	4.71579581331459E-6	-5.175300191202244E-6	3.1881325922054234E-6	5.145136327661221E-6	-3.1388057105765305E-6	
226	2.7200978930807687E-6	-2.896553045742342E-6	1.356587340868419E-6	2.864505864029108E-6	-1.3067640808081574E-6	
227	1.5350815326738764E-6	-1.8891143110584266E-6	4.5838786797576047E-7	1.872876539389087E-6	-4.294909600891697E-7	
228	7.318435364397513E-7	-1.3490431156685279E-6	1.2621885613572362E-7	1.3436127768977007E-6	-1.154177958082562E-7	
229	1.9757185526227043E-7	-8.096295896219926E-7	2.64216751418185E-8	8.054812842168353E-7	-2.4005751998427325E-8	
230	0	-9.9813914473969E-9	-1.4659739912869014E-10	0	0	
231	0	-0.0011293783160610544	-2.1969424620707872E-4	0	0	
232	-1.4857090029647867E-4	4.7817332458878854E-5	1.43494265971841E-4	-4.941506311759251E-5	-1.3666827074919393E-4	
233	-1.2666364002202223E-4	4.0029660198303374E-5	8.48067500525908E-5	-4.1395498321737925E-5	-8.536384672638913E-5	
234	-1.0459058394210807E-4	4.7100554333606876E-5	6.11456582693015E-5	-4.620936195650211E-5	-6.11199395305872E-5	
235	-7.997173365160256E-5	5.1388260965415954E-5	3.3395851681301365E-5	-5.096624026732175E-5	-3.343900289394019E-5	
236	-5.393861805600491E-5	5.275766362912269E-5	8.617967337910463E-6	-5.250901408887424E-5	-8.562541091334286E-6	
237	-2.8259093495011173E-5	5.015573567013821E-5	-1.138894228671843E-5	-5.014316205425644E-5	1.1573023391740179E-5	
238	-5.010268588103711E-6	4.319428201181321E-5	-2.4426379881165478E-5	-4.3383743309916955E-5	2.4739002690968286E-5	
239	1.3698714952670268E-5	3.21245912840358E-5	-2.9276162348479406E-5	-3.242768500679993E-5	2.9654966672560474E-5	
240	2.6146133157808632E-5	1.8208097409456118E-5	-2.62616010402319E-5	-1.8489891666804085E-5	2.6594038549606043E-5	
241	3.149560150010603E-5	3.704837373960909E-6	-1.7633323531452607E-5	-3.83419762946298E-6	1.780108952664706E-5	
242	3.0315913357588567E-5	-8.036358870221238E-6	-7.202636794525609E-6	8.10701044762643E-6	7.158882723142579E-6	
243	2.4706424696944472E-5	-1.4204636349522189E-5	1.0272348496602086E-6	1.4396590321755358E-5	-1.203545314682507E-6	
244	1.7492765834581455E-5	-1.4628376749554952E-5	4.909724500020486E-6	1.480692745004964E-5	-5.0783022563220545E-6	
245	1.1002990305788962E-5	-1.1422434693677973E-5	5.003980877287255E-6	1.1509834218118456E-5	-5.082612522204803E-6	
246	6.3355029323332945E-6	-7.375575757765128E-6	3.303290111435017E-6	7.3800995190583795E-6	-3.2984583737504313E-6	
247	3.4493936240510622E-6	-4.278057831871206E-6	1.556675249624427E-6	4.248227367310894E-6	-1.517830431913251E-6	
248	1.7764412605169953E-6	-2.485550531193474E-6	5.033159089817075E-7	2.458317221900456E-6	-4.7013644000128866E-7	
249	7.860971169482385E-7	-1.5187357027318702E-6	9.030993503594148E-8	1.503937837086746E-6	-7.525635973790612E-8	
250	2.0454949919812407E-7	-8.368521974422473E-7	2.5511755347379094E-9	8.285063402460747E-7	-6.836062457822684E-10	
251	0	-1.247875182952048E-8	-4.5373050475942333E-10	0	0	
252	0	-7.334803218303137E-4	-1.8416558696483803E-4	0	0	
253	-9.761566901779163E-5	2.5802973296798735E-5	1.1068760562824327E-4	-2.4388499522820413E-5	-1.0310950348677548E-4	
254	-8.666082827225283E-5	1.92884370501938E-5	6.956187572944489E-5	-2.0469074770834235E-5	-7.01758906326802E-5	
255	-7.539467487105681E-5	2.4825446313715657E-5	5.659413914768405E-5	-2.413426208015437E-5	-5.651603577952989E-5	
256	-6.18780565689717E-5	2.9186356532596576E-5	3.867666222429762E-5	-2.879750831414363E-5	-3.874058777752341E-5	
257	-4.643207293615952E-5	3.24934606181158E-5	2.0969482418494822E-5	-3.217354355824446E-5	-2.1010583156768575E-5	
258	-2.985047983830884E-5	3.383487177187716E-5	4.4602294039064575E-6	-3.365607304033085E-5	-4.445809408840933E-6	
259	-1.32680180891027E-5	3.2605506686984637E-5	-9.130416907132115E-6	-3.2585048735761616E-5	9.238711766029554E-6	
260	1.9122705429209857E-6	2.8341967798846792E-5	-1.824021132549647E-5	-2.8468561625930826E-5	1.8449056666771355E-5	
261	1.4169597286780732E-5	2.1012622643362065E-5	-2.1796996099818348E-5	-2.1228709423240267E-5	2.2067846858426565E-5	
262	2.21341783595533E-5	1.1229700593857813E-5	-1.9758587999568916E-5	-1.1436508414526838E-5	2.0004277378847532E-5	
263	2.5083910457875528E-5	9.352328519658226E-7	-1.3540212643824528E-5	-1.0346422266647962E-6	1.3665421312191218E-5	
264	2.343570491036945E-5	-7.261463524485516E-6	-5.890879188597497E-6	7.311516533667777E-6	5.855823454547217E-6	
265	1.871095974600244E-5	-1.1505978715385961E-5	1.3956482535278225E-7	1.1649714784522298E-5	-2.7581229246298994E-7	
266	1.2956742624768596E-5	-1.1505224934668233E-5	2.9120230699296805E-6	1.1633319638513595E-5	-3.036941470819081E-6	
267	7.885760673021169E-6	-8.855420889746421E-6	2.934782836726294E-6	8.910272901202712E-6	-2.9878208225754394E-6	
268	4.280632567066599E-6	-5.667647302235453E-6	1.7716488931270271E-6	5.661448283885615E-6	-1.7640454157094162E-6	
269	2.07703767128158E-6	-3.2347580500875146E-6	6.934927137665036E-7	3.2075853110055656E-6	-6.663719419510744E-7	
270	8.462846480609783E-7	-1.74889867753219E-6	1.4663521641382142E-7	1.7271979969001098E-6	-1.286516640626137E-7	
271	2.0661080840088565E-7	-8.488909459218861E-7	4.911187183562852E-9	8.36995763980528E-7	-2.1451517596578485E-9	
272	0	-1.0940896984514064E-8	-1.8299414321837538E-11	0	0	
273	0	-4.4979214096866965E-4	-1.416058441444135E-4	0	0	
274	-6.03121802038816E-5	1.3466794720416392E-5	7.908526022528662E-5	-1.0950009918453078E-5	-7.215896123772006E-5	
275	-5.528414998184592E-5	8.206535411248112E-6	5.1663181229962E-5	-9.152149579251635E-6	-5.2198936866303195E-5	
276	-5.010998989717596E-5	1.1792983054029847E-5	4.559144973603663E-5	-1.13180679976193E-5	-4.546429514201879E-5	
277	-4.3407831707742614E-5	1.4962279109598374E-5	3.524516828317906E-5	-1.467218708953177E-5	-3.527054207705378E-5	
278	-3.51287486722036E-5	1.803523155530885E-5	2.4129212056226737E-5	-1.7752691106740275E-5	-2.4171167036649093E-5	
279	-2.5509912392040676E-5	2.0371827844499157E-5	1.260014133388866E-5	-2.0151535559752447E-5	-1.264142333739086E-5	
280	-1.5037032963854211E-5	2.150885893251081E-5	1.6707658482442413E-6	-2.1376261630787076E-5	-1.6750452475790357E-6	
281	-4.441727787560064E-6	2.0937061513125204E-5	-7.542240450782823E-6	-2.0912244597648375E-5	7.604913674203379E-6	
282	5.3142663651983225E-6	1.8235295376588715E-5	-1.3886646251661708E-5	-1.8316503552318514E-5	1.4027827591799994E-5	
283	1.3107961757083893E-5	1.316741848500616E-5	-1.645622301859253E-5	-1.331815367665693E-5	1.6648647851606926E-5	
284	1.7931348926163538E-5	6.395666408883358E-6	-1.5032499618021935E-5	-6.549279962344517E-6	1.5212176897195257E-5	
285	1.9303382591651714E-5	-6.565085397809683E-7	-1.0506339586823663E-5	5.7592554236946E-7	1.0601608939413241E-5	
286	1.7494405332859937E-5	-6.3969066976956476E-6	-4.850274684861148E-6	6.431958298464242E-6	4.822936142553615E-6	
287	1.3556603508359227E-5	-9.268713421520366E-6	-3.893702921181673E-7	9.375739897149196E-6	2.844406315135388E-7	
288	9.005962793782059E-6	-8.940528008355035E-6	1.6133218175678502E-6	9.030088914008382E-6	-1.7045009042182135E-6	
289	5.124173799530754E-6	-6.654696628961298E-6	1.6244204198257872E-6	6.685488204571729E-6	-1.6585289297798572E-6	
290	2.468522697766251E-6	-4.0541184273031945E-6	8.722532567851354E-7	4.041395708523009E-6	-8.639188487166907E-7	
291	9.498030450572825E-7	-2.0941554794294027E-6	2.627609600681792E-7	2.0710283159242384E-6	-2.461018593896964E-7	
292	2.1587163469597723E-7	-8.918129551788777E-7	2.9628423822759813E-8	8.765630280126687E-7	-2.46256170527879E-8	
293	0	-8.744821808515316E-9	1.0095760953166655E-10	0	0	
294	0	-2.5935359873775326E-4	-1.016343517809669E-4	0	0	
295	-3.48892465023254E-5	6.905784170106919E-6	5.2862728851464096E-5	-4.322813879639989E-6	-4.723287534992342E-5	
296	-3.278820697029339E-5	2.9410481169569523E-6	3.527501837054325E-5	-3.648470430567402E-6	-3.568748596036936E-5	
297	-3.0691523873555614E-5	4.973430233510696E-6	3.303467785608686E-5	-4.678264975488351E-6	-3.288580547458832E-5	
298	-2.7729711226020594E-5	6.84209627203819E-6	2.76909183115769E-5	-6.655263233942484E-6	-2.767296323314826E-5	
299	-2.3750293573135394E-5	8.983542452683893E-6	2.148443101791013E-5	-8.778365563493562E-6	-2.1494313692131774E-5	
300	-1.8736502563147258E-5	1.0998319651114369E-5	1.4417496537842097E-5	-1.0809917441151785E-5	-1.44506163987791E-5	
301	-1.2824024807982669E-5	1.260141397395938E-5	6.982911056539298E-6	-1.2447265471767893E-5	-7.017328472333026E-6	
302	-6.314623113693347E-6	1.3424946728462683E-5	-2.1067713876043148E-7	-1.332570371004199E-5	1.9957172501485327E-7	
303	3.042701352279413E-7	1.3091820915916133E-5	-6.408351731668143E-6	-1.3064491871281136E-5	6.445113032907943E-6	
304	6.3480252439049025E-6	1.1187933963222519E-5	-1.0769813873474289E-5	-1.1235717645461162E-5	1.0862789944589229E-5	
305	1.1050633731588802E-5	7.780085341778188E-6	-1.2570069193055965E-5	-7.88546191296875E-6	1.270327051236011E-5	
306	1.3783282893726894E-5	3.331442057706152E-6	-1.1547354057361157E-5	-3.4483760570514866E-6	1.1679080969455344E-5	
307	1.419974758003266E-5	-1.494195825323819E-6	-8.233384053136358E-6	1.4285085355623597E-6	8.306353518555133E-6	
308	1.2426536033059203E-5	-5.475412752550672E-6	-4.019398758791027E-6	5.498673372803529E-6	3.998254259060812E-6	
309	9.214317134431599E-6	-7.3218263082993364E-6	-6.923884172636149E-7	7.3998422419027475E-6	6.11783024629913E-7	
310	5.710877295069268E-6	-6.70938532145064E-6	7.68454708296367E-7	6.768405376328726E-6	-8.335232138297536E-7	
311	2.8825886232594378E-6	-4.667165251012154E-6	7.978806166713774E-7	4.679788576863957E-6	-8.182953827765952E-7	
312	1.1049695939624917E-6	-2.5175710365153075E-6	3.5729426571806086E-7	2.5016003441746403E-6	-3.5026831350943917E-7	
313	2.408323334136044E-7	-9.984790723190014E-7	6.728954279726806E-8	9.81366634671307E-7	-6.100568378514699E-8	
314	0	-7.348910990254981E-9	1.6298528466739146E-10	0	0	
315	0	-1.3910900371541296E-4	-6.873693114129367E-5	0	0	
316	-1.8683100435604295E-5	3.521220159815789E-6	3.3140721806036414E-5	-1.3383175643831707E-6	-2.893291412818252E-5	
317	-1.7901004322308736E-5	7.628863650155288E-7	2.2224218780216443E-5	-1.2582807382416597E-6	-2.2517829226770485E-5	
318	-1.718160044383832E-5	1.8141812096198247E-6	2.17734755028812E-5	-1.6469719450163819E-6	-2.1630046422246202E-5	
319	-1.604417591354746E-5	2.723725617890589E-6	1.9331078986308347E-5	-2.618605353799475E-6	-1.928555811457378E-5	
320	-1.4361451641313714E-5	3.948950637299354E-6	1.6271247189749064E-5	-3.819115311405681E-6	-1.625170154946355E-5	
321	-1.2041306491268876E-5	5.277615531840112E-6	1.2431387633533624E-5	-5.144345981137371E-6	-1.2438711580744598E-5	
322	-9.067475986125651E-6	6.568979566188008E-6	7.998926251959932E-6	-6.442067481753192E-6	-8.02205686525693E-6	
323	-5.52133817539804E-6	7.582619681376481E-6	3.252694688565671E-6	-7.474342017320838E-6	-3.2785461650381484E-6	
324	-1.607798745297101E-6	8.06515947538343E-6	-1.4184828917583758E-6	-7.989765134766037E-6	1.407579078842613E-6	
325	2.3234782166781583E-6	7.692726586650775E-6	-5.507556317036403E-6	-7.663622628669952E-6	5.526090224617271E-6	
326	5.834693542343768E-6	6.424176655374429E-6	-8.428085800405132E-6	-6.450743409775826E-6	8.484633912726976E-6	
327	8.499107353837909E-6	4.335191717036368E-6	-9.648888093115554E-6	-4.409990223962557E-6	9.739580243407266E-6	
328	9.91156409194976E-6	1.4350757748677965E-6	-8.90187161444316E-6	-1.5234684786631234E-6	8.99701381217689E-6	
329	9.788222336324414E-6	-1.812752844389964E-6	-6.466635637649522E-6	1.758380668648941E-6	6.521942735449142E-6	
330	8.193037201543225E-6	-4.4881247359291095E-6	-3.3133342368226886E-6	4.501349930372866E-6	3.296526348558896E-6	
331	5.681686663491286E-6	-5.5320735401867E-6	-8.229843746807423E-7	5.586150727213733E-6	7.610032464361231E-7	
332	3.135105870360276E-6	-4.680891373491915E-6	2.4378620718270145E-7	4.714892164842718E-6	-2.887254746067413E-7	
333	1.2669923427392385E-6	-2.8511421402537695E-6	2.9971561856537493E-7	2.85002197633221E-6	-3.107474605768718E-7	
334	2.7990651171408347E-7	-1.1588161504886384E-6	8.826017685721178E-8	1.1428365709586469E-6	-8.465145855442795E-8	
335	0	-8.846558932389964E-9	-1.8238333347240207E-10	0	0	
336	0	-6.795786520129848E-5	-4.395238256392564E-5	0	0	
337	-9.0527099721014E-6	1.7904838671801892E-6	1.93793124272707E-5	-1.4939353680498486E-7	-1.6437167723751092E-5	
338	-8.809982800902731E-6	1.8291597878310446E-8	1.2829211457567323E-5	-3.4196387340035615E-7	-1.302826254098235E-5	
339	-8.623673655992756E-6	5.456540056457476E-7	1.3023330498445779E-5	-4.5882803149858714E-7	-1.2903713976245064E-5	
340	-8.262430944347757E-6	8.99349514261024E-7	1.2054274034175651E-5	-8.485197763581933E-7	-1.1999929092200022E-5	
341	-7.658827074096332E-6	1.4836712330075285E-6	1.0754977139800335E-5	-1.4118026329386878E-6	-1.0719307482533552E-5	
342	-6.732558174749345E-6	2.1892280801479258E-6	8.934050705326236E-6	-2.1066429822187227E-6	-8.921313401835203E-6	
343	-5.428211040214287E-6	2.994392306280617E-6	6.606140449334134E-6	-2.9071576563390004E-6	-6.610186355806963E-6	
344	-3.7333563553407337E-6	3.755457159697118E-6	3.8707634285726825E-6	-3.669914253268409E-6	-3.885534065970867E-6	
345	-1.7133578083180634E-6	4.306082397974425E-6	9.070306418365233E-7	-4.229436521823168E-6	-9.24025665752117E-7	
346	4.696906498554537E-7	4.4282233655203384E-6	-2.0330983942814063E-6	-4.369567342960765E-6	2.0212454544110924E-6	
347	2.6024685442786225E-6	4.127039526112727E-6	-4.6307055870582306E-6	-4.09965564071297E-6	4.6342692760216245E-6	
348	4.4822202325329546E-6	3.435637576510798E-6	-6.519708198645282E-6	-3.4497782797398046E-6	6.550958765253315E-6	
349	5.869172476270878E-6	2.1767823817343073E-6	-7.316593645185283E-6	-2.2282258272990203E-6	7.3749055244481774E-6	
350	6.47932759681493E-6	3.4260573220527997E-7	-6.761681546043629E-6	-4.088341340249718E-7	6.8272736657737726E-6	
351	6.109032853605344E-6	-1.7483886592718386E-6	-4.978773353531515E-6	1.70227408041034E-6	5.0188121644288475E-6	
352	4.805575256367098E-6	-3.41854945608655E-6	-2.6278836503271055E-6	3.422550480929896E-6	2.6132446732215046E-6	
353	2.9909694492377197E-6	-3.835226113031059E-6	-7.780921436312759E-7	3.868829244050035E-6	7.299262348733564E-7	
354	1.3325998788229373E-6	-2.8309517744728285E-6	-1.7379893586879923E-8	2.8439114687313296E-6	-1.2252730210446E-8	
355	3.1460225064392417E-7	-1.2936241875715526E-6	5.472604637684182E-8	1.2825539179283208E-6	-6.003209870324983E-8	
356	0	-1.4630540214468905E-8	-4.5892884527994393E-10	0	0	
357	0	-2.9028706058552056E-5	-2.6501136496054205E-5	0	0	
358	-3.792343123859434E-6	8.934563177224199E-7	1.0404833163357808E-5	2.2891604365616522E-7	-8.46649184657693E-6	
359	-3.7461523297024033E-6	-1.518595245538315E-7	6.629250050032844E-6	-4.502748477699809E-8	-6.759064709229178E-6	
360	-3.726900751495175E-6	1.246385239698718E-7	6.9460015055916025E-6	-8.285995402424066E-8	-6.858189165333338E-6	
361	-3.6429259963709396E-6	2.1596208092907596E-7	6.624760397394786E-6	-1.9552839505270136E-7	-6.576081015177155E-6	
362	-3.472744152822134E-6	4.50222694920465E-7	6.171998639148029E-6	-4.1642716319934736E-7	-6.133475286232361E-6	
363	-3.170370681436266E-6	7.434626871867517E-7	5.448849150312773E-6	-6.990615878947766E-7	-5.426339270988725E-6	
364	-2.695871815402639E-6	1.135614710361313E-6	4.405780044977018E-6	-1.0827292916479235E-6	-4.397339671905214E-6	
365	-2.0139630654900317E-6	1.5729856192345776E-6	3.035113146164243E-6	-1.5159679598332639E-6	-3.036672620814537E-6	
366	-1.1285106610443304E-6	1.9533317686302167E-6	1.4093407413844207E-6	-1.8955698950091124E-6	-1.4169363907614987E-6	
367	-1.0854841494761546E-7	2.120848686974652E-6	-3.458370971409699E-7	-2.065817694152714E-6	3.325839302233722E-7	
368	9.474529415392936E-7	2.1077888246149706E-6	-2.0830041089916434E-6	-2.0633660213002413E-6	2.067763486070158E-6	
369	1.966742426369427E-6	1.9825757819470366E-6	-3.6418411714638894E-6	-1.959256656259423E-6	3.6358423484855077E-6	
370	2.8599093926697525E-6	1.615780379910506E-6	-4.802524274140596E-6	-1.6207973000516493E-6	4.814826755833205E-6	
371	3.478704856774515E-6	8.991970426048763E-7	-5.286856843162019E-6	-9.327827808356637E-7	5.31911235033975E-6	
372	3.6471136964922866E-6	-1.7651557601656885E-7	-4.873656635676255E-6	1.2763576966945572E-7	4.913903440706666E-6	
373	3.2438127120956547E-6	-1.3913296431068115E-6	-3.5964663332469825E-6	1.3509401116546493E-6	3.6222895728280555E-6	
374	2.3180594104819285E-6	-2.289661509955702E-6	-1.8822743908364978E-6	2.284856621692997E-6	1.867741481196104E-6	
375	1.1832903083930247E-6	-2.2590293813290122E-6	-5.546667790779545E-7	2.2746326476692896E-6	5.165449204518305E-7	
376	3.10759949086082E-7	-1.2637683430649936E-6	-6.028122215186877E-8	1.258723501671974E-6	4.231818054781271E-8	
377	0	-2.293366406316898E-8	-1.5297007831633328E-9	0	0	
378	0	-1.0000466864152337E-5	-1.4896422973103654E-5	0	0	
379	-1.2397369032343445E-6	4.502117608477778E-7	4.933001965014809E-6	2.405951317931067E-7	-3.7285027410256965E-6	
380	-1.2481301498873523E-6	-1.480037298529105E-7	2.9053904875119176E-6	4.045108537738063E-8	-2.989974861767941E-6	
381	-1.2633940624531426E-6	3.122038397609789E-8	3.1446753228753393E-6	-1.4331398124890914E-8	-3.086032209139178E-6	
382	-1.2527672813486192E-6	1.5880335615631588E-8	3.0724902173792147E-6	-9.469516973178971E-9	-3.03729702300945E-6	
383	-1.2228106425195836E-6	9.824165207343603E-8	2.9588998837859973E-6	-8.572282084627728E-8	-2.9269229498460017E-6	
384	-1.1503676193489958E-6	1.8532479638810298E-7	2.7382081284420895E-6	-1.6600594086547643E-7	-2.71478769318786E-6	
385	-1.0214100916988837E-6	3.219597505064838E-7	2.3708151502943994E-6	-2.9488986799991616E-7	-2.3569167465804473E-6	
386	-8.132577046781533E-7	5.009065304001192E-7	1.8136227520483264E-6	-4.6739205597157103E-7	-1.8078926588773753E-6	
387	-5.126381802391319E-7	6.925166888371945E-7	1.0649036371860486E-6	-6.556868214030351E-7	-1.0636417010071174E-6	
388	-1.4119597118854963E-7	7.88487818546473E-7	1.9130721648595074E-7	-7.495554754552786E-7	-1.9685296851468455E-7	
389	2.576996928752554E-7	8.066147176607013E-7	-7.301621983020158E-7	-7.685321054913002E-7	7.163847413017893E-7	
390	6.628499371740425E-7	8.159302217729886E-7	-1.6486619102337662E-6	-7.839810856060609E-7	1.6322279938623278E-6	
391	1.0560243057463155E-6	7.635361471843815E-7	-2.4949723587511515E-6	-7.436783075545576E-7	2.4823302049629225E-6	
392	1.3908055406437347E-6	5.897694584459873E-7	-3.1369519561793393E-6	-5.883331819143905E-7	3.1344356701934424E-6	
393	1.5924039498595614E-6	2.3914890174296574E-7	-3.3930030142713712E-6	-2.5899655862560597E-7	3.4033184638396805E-6	
394	1.5742553397082064E-6	-2.8444469689966314E-7	-3.098866737879288E-6	2.4929889306573034E-7	3.116363515458804E-6	
395	1.285482154573507E-6	-8.471423767826383E-7	-2.2439913177534953E-6	8.105310595087144E-7	2.256138757983574E-6	
396	7.726182620245243E-7	-1.1991058809083006E-6	-1.0753135424558135E-6	1.1856510126035234E-6	1.0594438748172262E-6	
397	2.385561245873564E-7	-9.526224578611005E-7	-2.1637652015117382E-7	9.517735420482081E-7	1.8544467593703013E-7	
398	0	-2.943717576597139E-8	3.2759749081783174E-10	0	0	
399	0	-2.24340061763069E-6	-7.648094600632019E-6	0	0	
400	-2.275288736409492E-7	2.1281461118880818E-7	1.902088672080321E-6	1.6368302285761053E-7	-1.2066838916159773E-6	
401	-2.409945700635068E-7	-8.708805687814854E-8	8.767672877148518E-7	3.1014070801686395E-8	-9.263827044069354E-7	
402	-2.498496050647911E-7	2.2923278293324263E-8	1.0431301279478302E-6	-1.7287346509808957E-8	-1.0114261520242897E-6	
403	-2.484075459373984E-7	-1.3544170246309141E-8	1.025772039835015E-6	1.3694813133850239E-8	-1.0026826914798898E-6	
404	-2.479582166772401E-7	1.3075577882863644E-8	1.0222442214510558E-6	-1.0322986425067874E-8	-1.0011030654831705E-6	
405	-2.3826092618725367E-7	2.3935826784052488E-8	9.817413508273745E-7	-1.804751822128289E-8	-9.630631455852548E-7	
406	-2.1865542256276087E-7	5.152623947026417E-8	8.985900208828168E-7	-4.1359230974016514E-8	-8.841563001311063E-7	
407	-1.8292997019251212E-7	8.746510665120034E-8	7.488443797256831E-7	-7.147888486812453E-8	-7.394925943826581E-7	
408	-1.2481798528087194E-7	1.4068953658040604E-7	5.072482827340815E-7	-1.199010845529779E-7	-5.013127331363338E-7	
409	-4.635471673653996E-8	1.7074104842809902E-7	1.8605645465629057E-7	-1.4743654535711678E-7	-1.8495328966347145E-7	
410	3.978954956034902E-8	1.7309481751936993E-7	-1.665467562748299E-7	-1.4838008473256796E-7	1.5992367119105198E-7	
411	1.2874660329866074E-7	1.8226759493277048E-7	-5.335204378184164E-7	-1.5753765505157092E-7	5.212982840581444E-7	
412	2.2024787545608417E-7	1.84380665891746E-7	-9.097878846873154E-7	-1.6167390014566108E-7	8.939224208447862E-7	
413	3.073959521918183E-7	1.6719170713401713E-7	-1.2657624123704959E-6	-1.5025790088967674E-7	1.2491474822557787E-6	
414	3.7547258374851636E-7	1.11779999618728E-7	-1.5395784972494017E-6	-1.0550076220749038E-7	1.525608705909273E-6	
415	4.020501046273917E-7	5.321148483938463E-9	-1.6388589079345177E-6	-1.4110981111584819E-8	1.6304034235437737E-6	
416	3.634453439382082E-7	-1.467028688074483E-7	-1.4697180316969545E-6	1.230382273276344E-7	1.4664221471277237E-6	
417	2.531293603939438E-7	-2.839024866366401E-7	-1.011126274644187E-6	2.4964230921510414E-7	1.0102649010580365E-6	
418	9.245086028104887E-8	-3.597531717827641E-7	-3.6556031610849707E-7	3.3777476617687955E-7	3.4774483266875323E-7	
419	0	-2.43652165862776E-8	-3.3808297898816866E-9	0	0	
420	0	-3.524665822028718E-7	-3.410289924851999E-6	0	0	
421	0	1.3853435456071056E-7	3.6958827126307604E-7	0	0	
422	0	-4.884182910323613E-8	-3.40291633016457E-8	0	0	
423	0	1.728254659383507E-8	2.1001378112022667E-8	0	0	
424	0	-5.895600489281536E-9	1.0281113996167046E-8	0	0	
425	0	2.1923783964920823E-9	1.321832380262913E-8	0	0	
426	0	-6.715858227884887E-10	1.2289263610351933E-8	0	0	
427	0	3.0336845692707725E-10	1.2306831295342298E-8	0	0	
428	0	-1.9335770246496566E-10	1.1699467572121435E-8	0	0	
429	0	-1.343869800220681E-11	1.0670954583363112E-8	0	0	
430	0	-5.620281984602331E-10	5.472593356983231E-9	0	0	
431	0	-1.115886212600343E-9	-9.345716731184225E-10	0	0	
432	0	-9.89723481576505E-10	-4.778892837014035E-9	0	0	
433	0	-1.1445147198580504E-9	-9.061194024923536E-9	0	0	
434	0	-1.232731023639655E-9	-1.4142753987804091E-8	0	0	
435	0	-1.459698529889802E-9	-2.032606738381775E-8	0	0	
436	0	-1.3441571485961196E-9	-2.7066471951285925E-8	0	0	
437	0	-1.639779366057769E-9	-3.1647104172141797E-8	0	0	
438	0	6.451258707246644E-10	-3.055151120264883E-8	0	0	
439	0	-1.911829509439215E-9	-1.878014237082995E-8	0	0	
440	0	8.190813904620646E-9	8.602768897305243E-9	0	0	

_____________________________________________________

