Displacements
0	0	4.772268482747951E-4	4.6042057864095873E-4	0	0	
1	0.0010353024747990788	0.020913175306673474	
2	0	-2.4820120338576997E-5	2.812014385768474E-4	0	0	
3	0.020555893378056522	9.97886270742495E-4	
4	-0.06345584267013961	-0.09751242792347484	
5	0	2.4500138250116546E-4	-5.8295850374266246E-5	0	0	
6	-0.09614430278007144	-0.06371731725212847	
7	1.4048345981220907	0.16935267691375278	0.17065834395604976	-0.16976994149513008	-0.17105330803016508	

_____________________________________________________

